1707.84 95 6 39001
1707.84 95.005 7 39002
1707.84 95.005 7 39003
1707.85 95.01 8 39004
1707.85 95.01 8 39005
1707.85 95.015 9 39006
1707.85 95.015 9 39007
1707.85 95.02 10 39008
1707.85 95.025 11 39009
1707.86 95.025 12 39010
1707.87 95.03 13 39011
1707.87 95.03 13 39012
1707.87 95.035 14 39013
1707.87 95.035 14 39014
1707.87 95.04 15 39015
1707.87 95.04 15 39016
1707.88 95.045 16 39017
1707.88 95.045 16 39018
1707.88 95.05 17 39019
1707.88 95.05 17 39020
1707.88 95.055 18 39021
1707.88 95.055 18 39022
1707.89 95.06 19 39023
1707.89 95.06 19 39024
1707.89 95.065 20 39025
1707.89 95.065 20 39026
1707.89 95.07 21 39027
1707.89 95.07 21 39028
1707.9 95.075 22 39029
1707.9 95.08 23 39030
1707.9 95.08 23 39031
1707.9 95.085 24 39032
1707.9 95.085 24 39033
1707.9 95.085 24 39034
1707.91 95.09 25 39035
1707.91 95.095 26 39036
1707.91 95.095 26 39037
1707.91 95.1 27 39038
1707.91 95.1 27 39039
1707.91 95.1 27 39040
1707.92 95.105 28 39041
1707.92 95.105 28 39042
1707.92 95.11 29 39043
1707.92 95.11 29 39044
1707.92 95.115 30 39045
1707.92 95.115 30 39046
1707.93 95.12 31 39047
1707.93 95.12 31 39048
1707.93 95.125 32 39049
1707.93 95.125 32 39050
1707.93 95.13 33 39051
1707.93 95.13 33 39052
1707.93 95.135 34 39053
1707.94 95.135 34 39054
1707.94 95.14 35 39055
1707.94 95.14 35 39056
1707.94 95.145 36 39057
1707.94 95.145 36 39058
1707.94 95.15 37 39059
1707.95 95.15 37 39060
1707.95 95.155 38 39061
1707.95 95.155 38 39062
1707.95 95.16 39 39063
1707.95 95.165 40 39064
1707.95 95.165 40 39065
1707.96 95.165 40 39066
1707.96 95.17 41 39067
1707.96 95.175 42 39068
1707.96 95.18 43 39069
1707.96 95.185 44 39070
1707.96 95.185 44 39071
1707.97 95.185 44 39072
1707.97 95.185 44 39073
1707.97 95.185 44 39074
1707.97 95.19 45 39075
1707.97 95.19 45 39076
1707.97 95.195 46 39077
1707.98 95.195 46 39078
1707.98 95.2 47 39079
1707.98 95.2 47 39080
1707.98 95.205 48 39081
1707.98 95.205 48 39082
1707.98 95.21 49 39083
1707.99 95.21 49 39084
1707.99 95.215 50 39085
1707.99 95.215 50 39086
1707.99 95.22 51 39087
1707.99 95.225 52 39088
1707.99 95.23 53 39089
1708 95.23 53 39090
1708 95.235 54 39091
1708 95.235 54 39092
1708 95.235 54 39093
1708 95.24 55 39094
1708 95.245 56 39095
1708.01 95.245 56 39096
1708.01 95.25 57 39097
1708.01 95.25 57 39098
1708.01 95.25 57 39099
1708.01 95.25 57 39100
1708.01 95.255 58 39101
1708.01 95.255 58 39102
1708.02 95.26 59 39103
1708.02 95.265 60 39104
1708.02 95.265 60 39105
1708.02 95.27 61 39106
1708.03 95.27 62 39107
1708.03 95.275 63 39108
1708.03 95.275 63 39109
1708.04 95.28 64 39110
1708.04 95.28 64 39111
1708.04 95.285 65 39112
1708.04 95.285 65 39113
1708.04 95.29 66 39114
1708.04 95.29 66 39115
1708.05 95.295 67 39116
1708.05 95.3 68 39117
1708.05 95.3 68 39118
1708.05 95.3 68 39119
1708.05 95.305 69 39120
1708.06 95.31 70 39121
1708.06 95.315 71 39122
1708.17 95.315 73 39123
1708.17 95.32 74 39124
1708.17 95.32 74 39125
1708.17 95.325 75 39126
1708.17 95.325 75 39127
1708.18 95.33 76 39128
1708.18 95.33 76 39129
1708.18 95.335 77 39130
1708.18 95.335 77 39131
1708.18 95.34 78 39132
1708.18 95.345 79 39133
1708.19 95.345 79 39134
1708.19 95.35 80 39135
1708.19 95.35 80 39136
1708.19 95.355 81 39137
1708.19 95.36 82 39138
1708.19 95.36 82 39139
1708.2 95.36 82 39140
1708.2 95.365 83 39141
1708.2 95.37 84 39142
1708.2 95.37 84 39143
1708.2 95.375 85 39144
1708.2 95.375 85 39145
1708.21 95.38 86 39146
1708.21 95.38 86 39147
1708.21 95.385 87 39148
1708.21 95.385 87 39149
1708.21 95.39 88 39150
1708.21 95.39 88 39151
1708.22 95.395 89 39152
1708.22 95.4 90 39153
1708.22 95.4 90 39154
1708.22 95.405 91 39155
1708.22 95.405 91 39156
1708.22 95.41 92 39157
1708.23 95.41 92 39158
1708.23 95.41 92 39159
1708.23 95.415 93 39160
1708.23 95.415 93 39161
1708.23 95.415 93 39162
1708.23 95.42 94 39163
1708.23 95.42 94 39164
1708.24 95.42 94 39165
1708.24 95.425 95 39166
1708.24 95.425 95 39167
1708.24 95.43 96 39168
1708.24 95.43 96 39169
1708.24 95.435 97 39170
1708.25 95.44 98 39171
1708.25 95.44 98 39172
1708.25 95.445 99 39173
1708.25 95.45 100 39174
1708.25 95.45 100 39175
1708.26 95.45 101 39176
1708.26 95.455 102 39177
1708.26 95.455 102 39178
1708.27 95.46 103 39179
1708.27 95.46 103 39180
1708.28 95.465 105 39181
1708.28 95.47 106 39182
1708.28 95.47 106 39183
1708.28 95.475 107 39184
1708.29 95.475 107 39185
1708.3 95.48 109 39186
1708.3 95.485 110 39187
1708.3 95.485 110 39188
1708.3 95.49 111 39189
1708.3 95.49 111 39190
1708.31 95.495 112 39191
1708.31 95.495 112 39192
1708.31 95.5 113 39193
1708.32 95.5 114 39194
1708.32 95.505 115 39195
1708.32 95.505 115 39196
1708.32 95.51 116 39197
1708.33 95.51 116 39198
1708.33 95.515 117 39199
1708.33 95.515 117 39200
1708.33 95.52 118 39201
1708.33 95.52 118 39202
1708.33 95.525 119 39203
1708.34 95.525 119 39204
1708.34 95.53 120 39205
1708.34 95.53 120 39206
1708.34 95.535 121 39207
1708.34 95.535 121 39208
1708.34 95.54 122 39209
1708.35 95.545 123 39210
1708.35 95.545 123 39211
1708.35 95.55 124 39212
1708.35 95.55 124 39213
1708.35 95.555 125 39214
1708.35 95.56 126 39215
1708.36 95.56 126 39216
1708.36 95.565 127 39217
1708.36 95.565 127 39218
1708.36 95.57 128 39219
1708.36 95.575 129 39220
1708.36 95.575 129 39221
1708.37 95.575 129 39222
1708.37 95.58 130 39223
1708.37 95.58 130 39224
1708.37 95.585 131 39225
1708.37 95.585 131 39226
1708.37 95.59 132 39227
1708.38 95.595 133 39228
1708.38 95.595 133 39229
1708.38 95.595 133 39230
1708.38 95.595 133 39231
1708.38 95.6 134 39232
1708.38 95.605 135 39233
1708.39 95.61 136 39234
1708.39 95.615 137 39235
1708.39 95.615 137 39236
1708.39 95.615 137 39237
1708.39 95.62 138 39238
1708.39 95.62 138 39239
1708.4 95.62 138 39240
1708.4 95.625 139 39241
1708.4 95.625 139 39242
1708.4 95.63 140 39243
1708.41 95.63 141 39244
1708.41 95.635 142 39245
1708.41 95.635 142 39246
1708.42 95.64 143 39247
1708.42 95.64 143 39248
1708.42 95.645 144 39249
1708.42 95.645 144 39250
1708.42 95.65 145 39251
1708.42 95.655 146 39252
1708.43 95.655 146 39253
1708.43 95.655 146 39254
1708.43 95.66 147 39255
1708.43 95.66 147 39256
1708.43 95.665 148 39257
1708.43 95.665 148 39258
1708.44 95.67 149 39259
1708.44 95.67 149 39260
1708.44 95.675 150 39261
1708.44 95.675 150 39262
1708.44 95.68 151 39263
1708.44 95.68 151 39264
1708.45 95.685 152 39265
1708.45 95.685 152 39266
1708.45 95.69 153 39267
1708.45 95.69 153 39268
1708.45 95.695 154 39269
1708.45 95.695 154 39270
1708.46 95.7 155 39271
1708.46 95.7 155 39272
1708.46 95.705 156 39273
1708.46 95.705 156 39274
1708.46 95.71 157 39275
1708.46 95.71 157 39276
1708.47 95.715 158 39277
1708.47 95.715 158 39278
1708.47 95.72 159 39279
1708.47 95.72 159 39280
1708.48 95.725 161 39281
1708.48 95.73 162 39282
1708.49 95.73 162 39283
1708.49 95.735 163 39284
1708.49 95.735 163 39285
1708.49 95.74 164 39286
1708.49 95.74 164 39287
1708.49 95.745 165 39288
1708.49 95.745 165 39289
1708.5 95.75 166 39290
1708.5 95.755 167 39291
1708.5 95.755 167 39292
1708.51 95.755 168 39293
1708.51 95.76 169 39294
1708.51 95.76 169 39295
1708.51 95.765 170 39296
1708.51 95.765 170 39297
1708.53 95.77 172 39298
1708.53 95.775 173 39299
1708.53 95.775 173 39300
1708.53 95.78 174 39301
1708.53 95.78 174 39302
1708.53 95.785 175 39303
1708.54 95.785 175 39304
1708.54 95.79 176 39305
1708.54 95.79 176 39306
1708.54 95.795 177 39307
1708.54 95.795 177 39308
1708.54 95.8 178 39309
1708.55 95.8 178 39310
1708.55 95.805 179 39311
1708.55 95.805 179 39312
1708.55 95.81 180 39313
1708.55 95.81 180 39314
1708.55 95.815 181 39315
1708.56 95.82 182 39316
1708.56 95.82 182 39317
1708.56 95.82 182 39318
1708.56 95.825 183 39319
1708.56 95.825 183 39320
1708.56 95.83 184 39321
1708.57 95.83 184 39322
1708.57 95.835 185 39323
1708.57 95.835 185 39324
1708.57 95.84 186 39325
1708.57 95.84 186 39326
1708.57 95.845 187 39327
1708.58 95.845 187 39328
1708.58 95.85 188 39329
1708.58 95.85 188 39330
1708.58 95.855 189 39331
1708.58 95.86 190 39332
1708.58 95.86 190 39333
1708.59 95.865 191 39334
1708.59 95.865 191 39335
1708.59 95.87 192 39336
1708.59 95.87 192 39337
1708.59 95.875 193 39338
1708.59 95.875 193 39339
1708.6 95.88 194 39340
1708.6 95.88 194 39341
1708.6 95.88 194 39342
1708.6 95.885 195 39343
1708.6 95.885 195 39344
1708.6 95.89 196 39345
1708.61 95.89 196 39346
1708.61 95.895 197 39347
1708.61 95.895 197 39348
1708.61 95.9 198 39349
1708.61 95.9 198 39350
1708.61 95.905 199 39351
1708.61 95.905 199 39352
1708.62 95.91 200 39353
1708.62 95.91 200 39354
1708.62 95.915 201 39355
1708.62 95.915 201 39356
1708.62 95.92 202 39357
1708.62 95.925 203 39358
1708.63 95.925 203 39359
1708.63 95.925 203 39360
1708.63 95.93 204 39361
1708.63 95.93 204 39362
1708.63 95.935 205 39363
1708.63 95.935 205 39364
1708.64 95.94 206 39365
1708.64 95.94 206 39366
1708.64 95.945 207 39367
1708.64 95.945 207 39368
1708.64 95.95 208 39369
1708.64 95.955 209 39370
1708.65 95.955 209 39371
1708.65 95.96 210 39372
1708.65 95.96 210 39373
1708.65 95.96 210 39374
1708.65 95.965 211 39375
1708.65 95.965 211 39376
1708.66 95.97 212 39377
1708.77 95.97 214 39378
1708.77 95.975 215 39379
1708.77 95.975 215 39380
1708.77 95.98 216 39381
1708.77 95.98 216 39382
1708.77 95.985 217 39383
1708.78 95.985 217 39384
1708.78 95.99 218 39385
1708.78 95.99 218 39386
1708.78 95.995 219 39387
1708.78 95.995 219 39388
1708.78 96 220 39389
1708.79 96.005 221 39390
1708.79 96.005 221 39391
1708.79 96.005 221 39392
1708.79 96.01 222 39393
1708.79 96.01 222 39394
1708.79 96.015 223 39395
1708.8 96.015 223 39396
1708.8 96.02 224 39397
1708.8 96.02 224 39398
1708.8 96.025 225 39399
1708.8 96.03 226 39400
1708.8 96.03 226 39401
1708.81 96.035 227 39402
1708.81 96.035 227 39403
1708.81 96.035 227 39404
1708.81 96.04 228 39405
1708.81 96.04 228 39406
1708.81 96.045 229 39407
1708.81 96.045 229 39408
1708.82 96.05 230 39409
1708.82 96.05 230 39410
1708.82 96.055 231 39411
1708.82 96.055 231 39412
1708.82 96.06 232 39413
1708.82 96.06 232 39414
1708.84 96.065 234 39415
1708.84 96.07 235 39416
1708.84 96.07 235 39417
1708.84 96.075 236 39418
1708.84 96.075 236 39419
1708.84 96.08 237 39420
1708.85 96.08 237 39421
1708.85 96.085 238 39422
1708.85 96.085 238 39423
1708.85 96.09 239 39424
1708.85 96.09 239 39425
1708.85 96.095 240 39426
1708.86 96.095 240 39427
1708.86 96.1 241 39428
1708.86 96.1 241 39429
1708.86 96.105 242 39430
1708.86 96.105 242 39431
1708.86 96.11 243 39432
1708.87 96.11 243 39433
1708.87 96.115 244 39434
1708.87 96.115 244 39435
1708.87 96.12 245 39436
1708.87 96.12 245 39437
1708.87 96.125 246 39438
1708.88 96.125 246 39439
1708.88 96.13 247 39440
1708.88 96.13 247 39441
1708.88 96.135 248 39442
1708.88 96.135 248 39443
1708.88 96.14 249 39444
1708.89 96.14 249 39445
1708.89 96.145 250 39446
1709 96.145 252 39447
1709 96.15 253 39448
1709 96.15 253 39449
1709 96.155 254 39450
1709 96.155 254 39451
1709.02 96.16 256 39452
1709.02 96.165 257 39453
1709.02 96.165 257 39454
1709.02 96.17 258 39455
1709.02 96.17 258 39456
1709.02 96.175 259 39457
1709.03 96.175 259 39458
1709.03 96.18 260 39459
1709.03 96.18 260 39460
1709.03 96.185 261 39461
1709.03 96.185 261 39462
1709.03 96.19 262 39463
1709.03 96.19 262 39464
1709.04 96.195 263 39465
1709.04 96.2 264 39466
1709.04 96.205 265 39467
1709.04 96.205 265 39468
1709.04 96.21 266 39469
1709.04 96.21 266 39470
1709.05 96.215 267 39471
1709.05 96.22 268 39472
1709.05 96.22 268 39473
1709.05 96.22 268 39474
1709.05 96.225 269 39475
1709.05 96.225 269 39476
1709.06 96.225 269 39477
1709.06 96.23 270 39478
1709.07 96.23 271 39479
1709.07 96.235 272 39480
1709.07 96.235 272 39481
1709.07 96.24 273 39482
1709.07 96.24 273 39483
1709.08 96.245 274 39484
1709.08 96.245 274 39485
1709.08 96.25 275 39486
1709.08 96.25 275 39487
1709.08 96.255 276 39488
1709.08 96.255 276 39489
1709.09 96.26 277 39490
1709.09 96.26 277 39491
1709.09 96.265 278 39492
1709.09 96.27 279 39493
1709.1 96.27 280 39494
1709.1 96.275 281 39495
1709.1 96.275 281 39496
1709.11 96.28 282 39497
1709.11 96.28 282 39498
1709.11 96.285 283 39499
1709.11 96.285 283 39500
1709.11 96.29 284 39501
1709.11 96.29 284 39502
1709.12 96.295 285 39503
1709.12 96.295 285 39504
1709.12 96.3 286 39505
1709.12 96.3 286 39506
1709.12 96.305 287 39507
1709.12 96.305 287 39508
1709.13 96.31 288 39509
1709.13 96.315 289 39510
1709.13 96.315 289 39511
1709.13 96.315 289 39512
1709.13 96.32 290 39513
1709.13 96.32 290 39514
1709.14 96.325 291 39515
1709.14 96.325 291 39516
1709.14 96.33 292 39517
1709.14 96.33 292 39518
1709.15 96.335 294 39519
1709.15 96.34 295 39520
1709.16 96.34 295 39521
1709.16 96.345 296 39522
1709.16 96.345 296 39523
1709.16 96.35 297 39524
1709.16 96.35 297 39525
1709.16 96.355 298 39526
1709.17 96.355 298 39527
1709.17 96.36 299 39528
1709.17 96.36 299 39529
1709.17 96.365 300 39530
1709.17 96.365 300 39531
1709.17 96.37 301 39532
1709.18 96.37 301 39533
1709.18 96.375 302 39534
1709.18 96.375 302 39535
1709.18 96.38 303 39536
1709.18 96.38 303 39537
1709.18 96.385 304 39538
1709.19 96.385 304 39539
1709.19 96.39 305 39540
1709.19 96.395 306 39541
1709.19 96.395 306 39542
1709.19 96.395 306 39543
1709.19 96.4 307 39544
1709.19 96.405 308 39545
1709.2 96.405 308 39546
1709.2 96.41 309 39547
1709.2 96.41 309 39548
1709.2 96.415 310 39549
1709.2 96.415 310 39550
1709.2 96.415 310 39551
1709.21 96.42 311 39552
1709.22 96.42 312 39553
1709.22 96.425 313 39554
1709.22 96.425 313 39555
1709.22 96.43 314 39556
1709.22 96.43 314 39557
1709.22 96.435 315 39558
1709.23 96.435 315 39559
1709.23 96.44 316 39560
1709.23 96.445 317 39561
1709.23 96.45 318 39562
1709.23 96.45 318 39563
1709.23 96.455 319 39564
1709.24 96.455 319 39565
1709.24 96.46 320 39566
1709.24 96.46 320 39567
1709.24 96.465 321 39568
1709.24 96.47 322 39569
1709.24 96.47 322 39570
1709.25 96.47 322 39571
1709.25 96.475 323 39572
1709.25 96.48 324 39573
1709.25 96.485 325 39574
1709.25 96.485 325 39575
1709.25 96.49 326 39576
1709.26 96.49 326 39577
1709.26 96.49 326 39578
1709.26 96.49 326 39579
1709.26 96.49 327 39580
1709.27 96.495 328 39581
1709.27 96.495 328 39582
1709.27 96.5 329 39583
1709.27 96.5 329 39584
1709.27 96.505 330 39585
1709.27 96.505 330 39586
1709.28 96.51 331 39587
1709.28 96.51 331 39588
1709.28 96.515 332 39589
1709.28 96.515 332 39590
1709.28 96.52 333 39591
1709.28 96.52 333 39592
1709.29 96.525 334 39593
1709.29 96.525 334 39594
1709.29 96.53 335 39595
1709.29 96.53 335 39596
1709.29 96.535 336 39597
1709.29 96.535 336 39598
1709.3 96.54 337 39599
1709.3 96.545 338 39600
1709.3 96.545 338 39601
1709.3 96.545 338 39602
1709.3 96.55 339 39603
1709.3 96.55 339 39604
1709.31 96.555 340 39605
1709.31 96.555 340 39606
1709.31 96.56 341 39607
1709.31 96.565 342 39608
1709.31 96.565 342 39609
1709.31 96.57 343 39610
1709.32 96.575 344 39611
1709.32 96.58 345 39612
1709.32 96.585 346 39613
1709.32 96.585 346 39614
1709.32 96.585 346 39615
1709.32 96.59 347 39616
1709.33 96.595 348 39617
1709.33 96.6 349 39618
1709.33 96.6 349 39619
1709.33 96.6 349 39620
1709.33 96.6 349 39621
1709.33 96.6 349 39622
1709.34 96.6 350 39623
1709.34 96.605 351 39624
1709.34 96.605 351 39625
1709.34 96.61 352 39626
1709.34 96.615 353 39627
1709.34 96.615 353 39628
1709.35 96.62 354 39629
1709.35 96.62 354 39630
1709.35 96.62 354 39631
1709.35 96.625 355 39632
1709.35 96.625 355 39633
1709.35 96.63 356 39634
1709.36 96.63 356 39635
1709.36 96.635 357 39636
1709.36 96.635 357 39637
1709.36 96.64 358 39638
1709.36 96.645 359 39639
1709.36 96.65 360 39640
1709.37 96.65 360 39641
1709.37 96.65 360 39642
1709.37 96.65 360 39643
1709.37 96.655 361 39644
1709.37 96.655 361 39645
1709.37 96.66 362 39646
1709.38 96.66 362 39647
1709.38 96.665 363 39648
1709.38 96.665 363 39649
1709.38 96.67 364 39650
1709.38 96.67 364 39651
1709.38 96.675 365 39652
1709.39 96.68 366 39653
1709.39 96.68 366 39654
1709.39 96.68 366 39655
1709.39 96.685 367 39656
1709.39 96.69 368 39657
1709.39 96.69 368 39658
1709.4 96.69 368 39659
1709.4 96.695 369 39660
1709.4 96.695 369 39661
1709.41 96.7 371 39662
1709.41 96.705 372 39663
1709.41 96.705 372 39664
1709.42 96.71 373 39665
1709.42 96.71 373 39666
1709.42 96.715 374 39667
1709.42 96.715 374 39668
1709.43 96.72 376 39669
1709.43 96.725 377 39670
1709.44 96.725 377 39671
1709.44 96.73 378 39672
1709.44 96.73 378 39673
1709.44 96.735 379 39674
1709.45 96.735 380 39675
1709.45 96.74 381 39676
1709.45 96.74 381 39677
1709.45 96.745 382 39678
1709.46 96.745 382 39679
1709.46 96.75 383 39680
1709.46 96.75 383 39681
1709.46 96.755 384 39682
1709.46 96.755 384 39683
1709.46 96.76 385 39684
1709.47 96.76 385 39685
1709.47 96.765 386 39686
1709.47 96.77 387 39687
1709.47 96.77 387 39688
1709.47 96.77 387 39689
1709.47 96.775 388 39690
1709.48 96.775 388 39691
1709.48 96.78 389 39692
1709.48 96.78 389 39693
1709.48 96.785 390 39694
1709.48 96.785 390 39695
1709.48 96.79 391 39696
1709.49 96.79 391 39697
1709.49 96.795 392 39698
1709.49 96.795 392 39699
1709.49 96.8 393 39700
1709.49 96.805 394 39701
1709.49 96.805 394 39702
1709.5 96.81 395 39703
1709.5 96.815 396 39704
1709.5 96.815 396 39705
1709.5 96.82 397 39706
1709.5 96.82 397 39707
1709.5 96.825 398 39708
1709.51 96.83 399 39709
1709.51 96.83 399 39710
1709.51 96.835 400 39711
1709.51 96.835 400 39712
1709.51 96.84 401 39713
1709.51 96.84 401 39714
1709.52 96.845 402 39715
1709.52 96.845 402 39716
1709.52 96.85 403 39717
1709.52 96.85 403 39718
1709.52 96.85 403 39719
1709.52 96.855 404 39720
1709.53 96.855 404 39721
1709.53 96.86 405 39722
1709.53 96.86 405 39723
1709.53 96.865 406 39724
1709.53 96.865 406 39725
1709.53 96.87 407 39726
1709.54 96.875 408 39727
1709.54 96.875 408 39728
1709.54 96.88 409 39729
1709.54 96.88 409 39730
1709.54 96.885 410 39731
1709.54 96.885 410 39732
1709.55 96.89 411 39733
1709.55 96.89 411 39734
1709.55 96.895 412 39735
1709.55 96.9 413 39736
1709.55 96.9 413 39737
1709.55 96.905 414 39738
1709.56 96.905 414 39739
1709.56 96.905 414 39740
1709.56 96.91 415 39741
1709.56 96.915 416 39742
1709.56 96.92 417 39743
1709.56 96.92 417 39744
1709.57 96.92 417 39745
1709.57 96.92 417 39746
1709.57 96.92 417 39747
1709.57 96.925 418 39748
1709.57 96.925 418 39749
1709.57 96.925 418 39750
1709.57 96.925 418 39751
1709.58 96.93 419 39752
1709.58 96.93 419 39753
1709.58 96.935 420 39754
1709.58 96.935 420 39755
1709.58 96.94 421 39756
1709.58 96.94 421 39757
1709.6 96.945 423 39758
1709.6 96.95 424 39759
1709.6 96.95 424 39760
1709.6 96.955 425 39761
1709.6 96.955 425 39762
1709.6 96.96 426 39763
1709.61 96.96 426 39764
1709.61 96.965 427 39765
1709.61 96.965 427 39766
1709.61 96.97 428 39767
1709.61 96.97 428 39768
1709.61 96.975 429 39769
1709.62 96.98 430 39770
1709.62 96.98 430 39771
1709.62 96.985 431 39772
1709.62 96.985 431 39773
1709.62 96.99 432 39774
1709.62 96.995 433 39775
1709.63 96.995 433 39776
1709.63 96.995 433 39777
1709.63 96.995 433 39778
1709.63 97 434 39779
1709.63 97 434 39780
1709.63 97.005 435 39781
1709.64 97.01 436 39782
1709.64 97.01 436 39783
1709.64 97.01 436 39784
1709.64 97.015 437 39785
1709.64 97.015 437 39786
1709.64 97.02 438 39787
1709.65 97.02 438 39788
1709.66 97.025 440 39789
1709.66 97.03 441 39790
1709.66 97.03 441 39791
1709.66 97.035 442 39792
1709.66 97.035 442 39793
1709.98 97.04 447 39794
1709.98 97.045 448 39795
1709.98 97.045 448 39796
1709.98 97.05 449 39797
1709.98 97.05 449 39798
1709.98 97.055 450 39799
1709.98 97.055 450 39800
1709.99 97.06 451 39801
1709.99 97.06 451 39802
1709.99 97.065 452 39803
1709.99 97.065 452 39804
1709.99 97.07 453 39805
1709.99 97.07 453 39806
1710 97.075 454 39807
1710 97.075 454 39808
1710 97.08 455 39809
1710 97.085 456 39810
1710 97.085 456 39811
1710 97.085 456 39812
1710.01 97.09 457 39813
1710.01 97.09 457 39814
1710.01 97.095 458 39815
1710.01 97.095 458 39816
1710.01 97.1 459 39817
1710.01 97.1 459 39818
1710.02 97.105 460 39819
1710.02 97.105 460 39820
1710.02 97.11 461 39821
1710.02 97.11 461 39822
1710.02 97.115 462 39823
1710.02 97.115 462 39824
1710.03 97.12 463 39825
1710.03 97.12 463 39826
1710.03 97.125 464 39827
1710.03 97.125 464 39828
1710.03 97.13 465 39829
1710.03 97.13 465 39830
1710.04 97.135 466 39831
1710.04 97.135 466 39832
1710.04 97.14 467 39833
1710.04 97.14 467 39834
1710.04 97.145 468 39835
1710.04 97.145 468 39836
1710.05 97.15 469 39837
1710.05 97.15 469 39838
1710.05 97.155 470 39839
1710.05 97.155 470 39840
1710.06 97.16 472 39841
1710.06 97.165 473 39842
1710.07 97.165 473 39843
1710.07 97.17 474 39844
1710.07 97.17 474 39845
1710.07 97.175 475 39846
1710.07 97.175 475 39847
1710.07 97.18 476 39848
1710.08 97.185 477 39849
1710.09 97.185 478 39850
1710.09 97.19 479 39851
1710.09 97.19 479 39852
1710.09 97.195 480 39853
1710.09 97.195 480 39854
1710.09 97.2 481 39855
1710.09 97.205 482 39856
1710.1 97.205 482 39857
1710.1 97.205 482 39858
1710.1 97.21 483 39859
1710.1 97.215 484 39860
1710.1 97.22 485 39861
1710.11 97.225 486 39862
1710.11 97.225 486 39863
1710.11 97.23 487 39864
1710.11 97.23 487 39865
1710.11 97.23 487 39866
1710.11 97.23 487 39867
1710.11 97.235 488 39868
1710.12 97.235 488 39869
1710.12 97.235 488 39870
1710.12 97.24 489 39871
1710.12 97.24 489 39872
1710.12 97.245 490 39873
1710.12 97.245 490 39874
1710.13 97.25 491 39875
1710.13 97.25 491 39876
1710.13 97.255 492 39877
1710.13 97.255 492 39878
1710.13 97.26 493 39879
1710.13 97.26 493 39880
1710.14 97.265 494 39881
1710.14 97.265 494 39882
1710.14 97.27 495 39883
1710.14 97.27 495 39884
1710.14 97.275 496 39885
1710.14 97.275 496 39886
1710.15 97.28 497 39887
1710.15 97.28 497 39888
1710.15 97.285 498 39889
1710.15 97.285 498 39890
1710.15 97.29 499 39891
1710.15 97.29 499 39892
1710.16 97.295 500 39893
1710.16 97.295 500 39894
1710.16 97.3 501 39895
1710.16 97.3 501 39896
1710.16 97.305 502 39897
1710.16 97.305 502 39898
1710.17 97.31 503 39899
1710.17 97.31 503 39900
1710.17 97.315 504 39901
1710.17 97.315 504 39902
1710.17 97.32 505 39903
1710.17 97.32 505 39904
1710.18 97.325 506 39905
1710.18 97.325 506 39906
1710.18 97.33 507 39907
1710.18 97.33 507 39908
1710.18 97.335 508 39909
1710.18 97.335 508 39910
1710.18 97.34 509 39911
1710.19 97.34 509 39912
1710.19 97.345 510 39913
1710.19 97.345 510 39914
1710.19 97.35 511 39915
1710.19 97.35 511 39916
1710.19 97.355 512 39917
1710.2 97.355 512 39918
1710.2 97.36 513 39919
1710.2 97.36 513 39920
1710.2 97.365 514 39921
1710.2 97.365 514 39922
1710.2 97.37 515 39923
1710.21 97.37 515 39924
1710.21 97.375 516 39925
1710.21 97.375 516 39926
1710.21 97.38 517 39927
1710.21 97.385 518 39928
1710.21 97.385 518 39929
1710.22 97.385 518 39930
1710.22 97.39 519 39931
1710.22 97.39 519 39932
1710.22 97.395 520 39933
1710.22 97.4 521 39934
1710.22 97.4 521 39935
1710.23 97.405 522 39936
1710.23 97.405 522 39937
1710.23 97.41 523 39938
1710.23 97.41 523 39939
1710.24 97.41 524 39940
1710.24 97.415 525 39941
1710.24 97.415 525 39942
1710.24 97.42 526 39943
1710.25 97.42 526 39944
1710.25 97.425 527 39945
1710.25 97.425 527 39946
1710.25 97.43 528 39947
1710.25 97.435 529 39948
1710.25 97.435 529 39949
1710.26 97.44 530 39950
1710.26 97.44 530 39951
1710.26 97.445 531 39952
1710.26 97.445 531 39953
1710.26 97.45 532 39954
1710.26 97.455 533 39955
1710.27 97.46 534 39956
1710.27 97.46 534 39957
1710.27 97.465 535 39958
1710.27 97.465 535 39959
1710.27 97.465 535 39960
1710.27 97.47 536 39961
1710.28 97.47 536 39962
1710.28 97.475 537 39963
1710.28 97.475 537 39964
1710.28 97.48 538 39965
1710.28 97.48 538 39966
1710.29 97.48 539 39967
1710.29 97.485 540 39968
1710.29 97.485 540 39969
1710.3 97.49 541 39970
1710.3 97.495 542 39971
1710.3 97.495 542 39972
1710.3 97.5 543 39973
1710.3 97.5 543 39974
1710.3 97.5 543 39975
1710.31 97.505 544 39976
1710.31 97.51 545 39977
1710.31 97.51 545 39978
1710.31 97.515 546 39979
1710.31 97.515 546 39980
1710.31 97.52 547 39981
1710.32 97.525 548 39982
1710.32 97.53 549 39983
1710.32 97.53 549 39984
1710.32 97.53 549 39985
1710.32 97.535 550 39986
1710.32 97.54 551 39987
1710.32 97.54 551 39988
1710.33 97.545 552 39989
1710.33 97.545 552 39990
1710.33 97.55 553 39991
1710.33 97.55 553 39992
1710.33 97.555 554 39993
1710.33 97.555 554 39994
1710.34 97.555 554 39995
1710.34 97.555 555 39996
1710.34 97.56 556 39997
1710.35 97.56 556 39998
1710.36 97.565 558 39999
1710.36 97.57 559 40000
1710.36 97.57 559 40001
1710.36 97.575 560 40002
1710.36 97.58 561 40003
1710.37 97.58 561 40004
1710.37 97.585 562 40005
1710.37 97.585 562 40006
1710.37 97.585 562 40007
1710.37 97.59 563 40008
1710.37 97.59 563 40009
1710.38 97.595 564 40010
1710.38 97.595 564 40011
1710.38 97.6 565 40012
1710.38 97.6 565 40013
1710.38 97.605 566 40014
1710.38 97.605 566 40015
1710.39 97.61 567 40016
1710.39 97.615 568 40017
1710.39 97.615 568 40018
1710.39 97.615 568 40019
1710.39 97.62 569 40020
1710.39 97.625 570 40021
1710.4 97.625 570 40022
1710.4 97.63 571 40023
1710.4 97.63 571 40024
1710.4 97.635 572 40025
1710.4 97.635 572 40026
1710.4 97.64 573 40027
1710.41 97.64 573 40028
1710.41 97.64 573 40029
1710.41 97.645 574 40030
1710.41 97.65 575 40031
1710.41 97.65 575 40032
1710.41 97.65 575 40033
1710.42 97.655 576 40034
1710.42 97.655 576 40035
1710.42 97.66 577 40036
1710.42 97.665 578 40037
1710.42 97.665 578 40038
1710.42 97.665 578 40039
1710.42 97.67 579 40040
1710.43 97.67 579 40041
1710.43 97.675 580 40042
1710.43 97.675 580 40043
1710.43 97.68 581 40044
1710.43 97.68 581 40045
1710.43 97.685 582 40046
1710.44 97.685 582 40047
1710.44 97.69 583 40048
1710.44 97.69 583 40049
1710.44 97.695 584 40050
1710.44 97.695 584 40051
1710.44 97.7 585 40052
1710.45 97.7 585 40053
1710.45 97.705 586 40054
1710.45 97.705 586 40055
1710.45 97.71 587 40056
1710.45 97.71 587 40057
1710.45 97.715 588 40058
1710.46 97.72 589 40059
1710.46 97.72 589 40060
1710.46 97.72 589 40061
1710.46 97.725 590 40062
1710.46 97.725 590 40063
1710.46 97.73 591 40064
1710.47 97.73 592 40065
1710.48 97.735 593 40066
1710.48 97.735 593 40067
1710.48 97.74 594 40068
1710.48 97.74 594 40069
1710.48 97.745 595 40070
1710.48 97.745 595 40071
1710.49 97.75 596 40072
1710.49 97.75 596 40073
1710.49 97.755 597 40074
1710.49 97.755 597 40075
1710.49 97.76 598 40076
1710.49 97.76 598 40077
1710.5 97.765 599 40078
1710.5 97.77 600 40079
1710.5 97.77 600 40080
1710.5 97.775 601 40081
1710.5 97.78 602 40082
1710.5 97.78 602 40083
1710.51 97.78 602 40084
1710.51 97.785 603 40085
1710.51 97.785 603 40086
1710.51 97.79 604 40087
1710.51 97.79 604 40088
1710.51 97.795 605 40089
1710.52 97.795 605 40090
1710.52 97.8 606 40091
1710.52 97.8 606 40092
1710.52 97.805 607 40093
1710.52 97.805 607 40094
1710.52 97.805 607 40095
1710.53 97.81 608 40096
1710.53 97.81 608 40097
1710.53 97.815 609 40098
1710.53 97.815 609 40099
1710.53 97.82 610 40100
1710.53 97.825 611 40101
1710.53 97.825 611 40102
1710.54 97.83 612 40103
1710.54 97.835 613 40104
1710.54 97.835 613 40105
1710.54 97.84 614 40106
1710.54 97.84 614 40107
1710.54 97.845 615 40108
1710.55 97.845 615 40109
1710.55 97.845 615 40110
1710.55 97.85 616 40111
1710.55 97.85 616 40112
1710.55 97.855 617 40113
1710.55 97.86 618 40114
1710.56 97.86 618 40115
1710.56 97.86 618 40116
1710.56 97.865 619 40117
1710.56 97.865 619 40118
1710.56 97.865 619 40119
1710.56 97.87 620 40120
1710.57 97.87 620 40121
1710.57 97.875 621 40122
1710.57 97.875 621 40123
1710.57 97.88 622 40124
1710.57 97.88 622 40125
1710.57 97.885 623 40126
1710.58 97.885 623 40127
1710.58 97.89 624 40128
1710.58 97.89 624 40129
1710.58 97.895 625 40130
1710.58 97.895 625 40131
1710.58 97.9 626 40132
1710.59 97.9 626 40133
1710.59 97.905 627 40134
1710.59 97.91 628 40135
1710.59 97.91 628 40136
1710.59 97.915 629 40137
1710.59 97.915 629 40138
1710.6 97.915 629 40139
1710.6 97.92 630 40140
1710.6 97.92 630 40141
1710.6 97.925 631 40142
1710.6 97.925 631 40143
1710.6 97.93 632 40144
1710.61 97.93 632 40145
1710.61 97.935 633 40146
1710.61 97.94 634 40147
1710.62 97.94 635 40148
1710.62 97.945 636 40149
1710.62 97.945 636 40150
1710.62 97.95 637 40151
1710.63 97.95 637 40152
1710.63 97.955 638 40153
1710.63 97.955 638 40154
1710.63 97.96 639 40155
1710.63 97.96 639 40156
1710.63 97.965 640 40157
1710.63 97.965 640 40158
1710.64 97.97 641 40159
1710.64 97.97 641 40160
1710.64 97.975 642 40161
1710.64 97.975 642 40162
1710.64 97.98 643 40163
1710.64 97.98 643 40164
1710.65 97.985 644 40165
1710.65 97.985 644 40166
1710.65 97.99 645 40167
1710.65 97.99 645 40168
1710.65 97.995 646 40169
1710.65 97.995 646 40170
1710.66 98 647 40171
1710.66 98.005 648 40172
1710.66 98.005 648 40173
1710.66 98.01 649 40174
1710.66 98.01 649 40175
1710.66 98.01 649 40176
1710.67 98.015 650 40177
1710.67 98.015 650 40178
1710.67 98.02 651 40179
1710.67 98.02 651 40180
1710.67 98.025 652 40181
1710.67 98.03 653 40182
1710.68 98.03 653 40183
1710.68 98.035 654 40184
1710.68 98.035 654 40185
1710.68 98.04 655 40186
1710.68 98.045 656 40187
1710.68 98.045 656 40188
1710.69 98.05 657 40189
1710.69 98.05 657 40190
1710.69 98.055 658 40191
1710.69 98.055 658 40192
1710.7 98.055 659 40193
1710.7 98.06 660 40194
1710.7 98.06 660 40195
1710.7 98.065 661 40196
1710.71 98.065 661 40197
1710.71 98.07 662 40198
1710.71 98.07 662 40199
1710.71 98.075 663 40200
1710.71 98.075 663 40201
1710.71 98.08 664 40202
1710.72 98.085 665 40203
1710.72 98.085 665 40204
1710.72 98.09 666 40205
1710.72 98.09 666 40206
1710.72 98.09 666 40207
1710.72 98.095 667 40208
1710.73 98.095 667 40209
1710.73 98.1 668 40210
1710.73 98.105 669 40211
1710.73 98.105 669 40212
1710.73 98.105 669 40213
1710.73 98.11 670 40214
1710.74 98.11 670 40215
1710.74 98.115 671 40216
1710.74 98.115 671 40217
1710.74 98.12 672 40218
1710.74 98.125 673 40219
1710.74 98.125 673 40220
1710.75 98.13 674 40221
1710.75 98.13 674 40222
1710.75 98.13 674 40223
1710.75 98.135 675 40224
1710.75 98.14 676 40225
1710.75 98.14 676 40226
1710.75 98.145 677 40227
1710.76 98.145 677 40228
1710.76 98.15 678 40229
1710.76 98.15 678 40230
1710.76 98.15 678 40231
1710.76 98.155 679 40232
1710.76 98.16 680 40233
1710.77 98.16 680 40234
1710.77 98.165 681 40235
1710.77 98.165 681 40236
1710.77 98.17 682 40237
1710.77 98.17 682 40238
1710.77 98.175 683 40239
1710.78 98.175 683 40240
1710.78 98.18 684 40241
1710.78 98.185 685 40242
1710.78 98.185 685 40243
1710.78 98.185 685 40244
1710.78 98.19 686 40245
1710.79 98.19 686 40246
1710.79 98.195 687 40247
1710.79 98.2 688 40248
1710.79 98.2 688 40249
1710.8 98.2 689 40250
1710.8 98.205 690 40251
1710.8 98.205 690 40252
1710.8 98.21 691 40253
1710.81 98.21 691 40254
1710.82 98.215 693 40255
1710.82 98.22 694 40256
1710.82 98.22 694 40257
1710.82 98.225 695 40258
1710.82 98.225 695 40259
1710.83 98.23 696 40260
1710.83 98.235 697 40261
1710.83 98.235 697 40262
1710.83 98.24 698 40263
1710.84 98.24 699 40264
1710.84 98.245 700 40265
1710.84 98.245 700 40266
1710.85 98.25 701 40267
1710.85 98.25 701 40268
1710.85 98.255 702 40269
1710.85 98.255 702 40270
1710.86 98.26 704 40271
1710.86 98.265 705 40272
1710.87 98.265 705 40273
1710.87 98.27 706 40274
1710.87 98.27 706 40275
1710.87 98.275 707 40276
1710.87 98.275 707 40277
1710.87 98.28 708 40278
1710.88 98.285 709 40279
1710.88 98.285 709 40280
1710.88 98.29 710 40281
1710.88 98.29 710 40282
1710.88 98.295 711 40283
1710.88 98.3 712 40284
1710.89 98.305 713 40285
1710.89 98.305 713 40286
1710.89 98.31 714 40287
1710.89 98.31 714 40288
1710.89 98.31 714 40289
1710.89 98.31 714 40290
1710.9 98.315 715 40291
1710.9 98.315 715 40292
1710.9 98.32 716 40293
1710.9 98.32 716 40294
1710.9 98.325 717 40295
1710.9 98.325 717 40296
1710.91 98.33 718 40297
1710.91 98.33 718 40298
1710.91 98.335 719 40299
1710.91 98.335 719 40300
1710.91 98.34 720 40301
1710.91 98.34 720 40302
1710.92 98.345 721 40303
1710.92 98.345 721 40304
1710.92 98.345 721 40305
1710.92 98.35 722 40306
1710.93 98.35 723 40307
1710.93 98.355 724 40308
1710.93 98.355 724 40309
1710.93 98.36 725 40310
1710.94 98.36 725 40311
1710.94 98.365 726 40312
1710.94 98.365 726 40313
1710.94 98.37 727 40314
1710.94 98.375 728 40315
1710.94 98.38 729 40316
1710.95 98.38 729 40317
1710.95 98.38 729 40318
1710.95 98.385 730 40319
1710.95 98.385 730 40320
1710.95 98.39 731 40321
1710.95 98.39 731 40322
1710.96 98.395 732 40323
1710.96 98.395 732 40324
1710.96 98.395 732 40325
1710.96 98.4 733 40326
1710.96 98.4 733 40327
1710.96 98.405 734 40328
1710.97 98.405 734 40329
1710.97 98.41 735 40330
1710.97 98.41 735 40331
1710.97 98.415 736 40332
1710.97 98.415 736 40333
1710.97 98.42 737 40334
1710.98 98.42 737 40335
1710.98 98.425 738 40336
1710.98 98.43 739 40337
1710.99 98.43 740 40338
1710.99 98.435 741 40339
1710.99 98.435 741 40340
1710.99 98.44 742 40341
1711 98.44 742 40342
1711 98.445 743 40343
1711 98.45 744 40344
1711 98.45 744 40345
1711 98.455 745 40346
1711.01 98.46 746 40347
1711.01 98.46 746 40348
1711.01 98.465 747 40349
1711.01 98.465 747 40350
1711.01 98.47 748 40351
1711.01 98.47 748 40352
1711.02 98.475 749 40353
1711.02 98.475 749 40354
1711.02 98.48 750 40355
1711.02 98.48 750 40356
1711.02 98.485 751 40357
1711.02 98.49 752 40358
1711.03 98.49 752 40359
1711.03 98.495 753 40360
1711.03 98.495 753 40361
1711.03 98.5 754 40362
1711.03 98.505 755 40363
1711.03 98.505 755 40364
1711.03 98.505 755 40365
1711.04 98.51 756 40366
1711.04 98.51 756 40367
1711.04 98.51 756 40368
1711.04 98.515 757 40369
1711.04 98.515 757 40370
1711.04 98.52 758 40371
1711.05 98.52 758 40372
1711.06 98.525 760 40373
1711.06 98.53 761 40374
1711.06 98.53 761 40375
1711.06 98.535 762 40376
1711.06 98.535 762 40377
1711.07 98.54 763 40378
1711.07 98.54 763 40379
1711.07 98.545 764 40380
1711.07 98.545 764 40381
1711.07 98.55 765 40382
1711.07 98.55 765 40383
1711.08 98.555 766 40384
1711.08 98.555 766 40385
1711.08 98.56 767 40386
1711.08 98.56 767 40387
1711.08 98.565 768 40388
1711.08 98.565 768 40389
1711.09 98.57 769 40390
1711.09 98.57 769 40391
1711.09 98.575 770 40392
1711.09 98.575 770 40393
1711.09 98.58 771 40394
1711.09 98.585 772 40395
1711.1 98.585 772 40396
1711.1 98.59 773 40397
1711.1 98.59 773 40398
1711.1 98.595 774 40399
1711.1 98.595 774 40400
1711.1 98.6 775 40401
1711.11 98.6 775 40402
1711.11 98.6 775 40403
1711.11 98.605 776 40404
1711.11 98.605 776 40405
1711.11 98.61 777 40406
1711.11 98.615 778 40407
1711.12 98.615 778 40408
1711.12 98.615 778 40409
1711.12 98.62 779 40410
1711.12 98.62 779 40411
1711.12 98.625 780 40412
1711.12 98.625 780 40413
1711.13 98.63 781 40414
1711.13 98.63 781 40415
1711.24 98.635 784 40416
1711.24 98.64 785 40417
1711.24 98.64 785 40418
1711.24 98.645 786 40419
1711.25 98.645 786 40420
1711.25 98.65 787 40421
1711.25 98.65 787 40422
1711.25 98.655 788 40423
1711.25 98.655 788 40424
1711.25 98.66 789 40425
1711.25 98.66 789 40426
1711.26 98.665 790 40427
1711.26 98.665 790 40428
1711.26 98.67 791 40429
1711.26 98.67 791 40430
1711.26 98.675 792 40431
1711.26 98.675 792 40432
1711.27 98.68 793 40433
1711.27 98.685 794 40434
1711.27 98.685 794 40435
1711.27 98.685 794 40436
1711.27 98.69 795 40437
1711.27 98.69 795 40438
1711.28 98.695 796 40439
1711.28 98.7 797 40440
1711.28 98.7 797 40441
1711.28 98.7 797 40442
1711.28 98.705 798 40443
1711.28 98.705 798 40444
1711.29 98.71 799 40445
1711.29 98.71 799 40446
1711.29 98.715 800 40447
1711.29 98.72 801 40448
1711.29 98.72 801 40449
1711.29 98.725 802 40450
1711.3 98.725 802 40451
1711.3 98.725 802 40452
1711.3 98.73 803 40453
1711.3 98.73 803 40454
1711.3 98.735 804 40455
1711.3 98.735 804 40456
1711.31 98.74 805 40457
1711.31 98.74 805 40458
1711.31 98.745 806 40459
1711.31 98.745 806 40460
1711.31 98.75 807 40461
1711.31 98.755 808 40462
1711.32 98.755 808 40463
1711.32 98.755 808 40464
1711.32 98.76 809 40465
1711.32 98.765 810 40466
1711.32 98.765 810 40467
1711.32 98.77 811 40468
1711.33 98.775 812 40469
1711.33 98.775 812 40470
1711.33 98.775 812 40471
1711.33 98.78 813 40472
1711.33 98.78 813 40473
1711.33 98.78 813 40474
1711.33 98.785 814 40475
1711.34 98.785 814 40476
1711.34 98.79 815 40477
1711.34 98.79 815 40478
1711.34 98.795 816 40479
1711.34 98.795 816 40480
1711.35 98.8 818 40481
1711.36 98.805 819 40482
1711.36 98.805 819 40483
1711.36 98.81 820 40484
1711.36 98.81 820 40485
1711.36 98.815 821 40486
1711.36 98.815 821 40487
1711.37 98.82 822 40488
1711.37 98.82 822 40489
1711.37 98.825 823 40490
1711.37 98.825 823 40491
1711.37 98.83 824 40492
1711.37 98.83 824 40493
1711.38 98.835 825 40494
1711.38 98.835 825 40495
1711.38 98.84 826 40496
1711.38 98.84 826 40497
1711.38 98.845 827 40498
1711.38 98.845 827 40499
1711.39 98.85 828 40500
1711.39 98.855 829 40501
1711.39 98.855 829 40502
1711.39 98.855 829 40503
1711.39 98.86 830 40504
1711.39 98.86 830 40505
1711.4 98.865 831 40506
1711.4 98.865 831 40507
1711.4 98.87 832 40508
1711.4 98.87 832 40509
1711.4 98.875 833 40510
1711.4 98.875 833 40511
1711.41 98.88 834 40512
1711.41 98.88 834 40513
1711.41 98.885 835 40514
1711.41 98.89 836 40515
1711.41 98.89 836 40516
1711.41 98.89 836 40517
1711.42 98.895 837 40518
1711.42 98.9 838 40519
1711.42 98.905 839 40520
1711.42 98.905 839 40521
1711.43 98.905 840 40522
1711.43 98.91 841 40523
1711.43 98.91 841 40524
1711.43 98.915 842 40525
1711.44 98.915 842 40526
1711.44 98.92 843 40527
1711.44 98.925 844 40528
1711.45 98.925 845 40529
1711.45 98.93 846 40530
1711.45 98.93 846 40531
1711.45 98.935 847 40532
1711.46 98.935 847 40533
1711.46 98.94 848 40534
1711.46 98.94 848 40535
1711.46 98.945 849 40536
1711.46 98.945 849 40537
1711.46 98.95 850 40538
1711.47 98.95 850 40539
1711.47 98.955 851 40540
1711.47 98.955 851 40541
1711.47 98.96 852 40542
1713.38 98.96 872 40543
1713.38 98.965 873 40544
1713.38 98.965 873 40545
1713.39 98.97 874 40546
1713.39 98.97 874 40547
1713.39 98.975 875 40548
1713.39 98.975 875 40549
1713.39 98.98 876 40550
1713.39 98.98 876 40551
1713.39 98.985 877 40552
1713.4 98.985 877 40553
1713.4 98.99 878 40554
1713.4 98.99 878 40555
1713.4 98.995 879 40556
1713.4 98.995 879 40557
1713.4 99 880 40558
1713.41 99 880 40559
1713.41 99.005 881 40560
1713.41 99.005 881 40561
1713.41 99.01 882 40562
1713.41 99.01 882 40563
1713.41 99.015 883 40564
1713.42 99.015 883 40565
1713.42 99.02 884 40566
1713.42 99.02 884 40567
1713.42 99.025 885 40568
1713.42 99.03 886 40569
1713.42 99.035 887 40570
1713.43 99.035 887 40571
1713.43 99.04 888 40572
1713.43 99.04 888 40573
1713.43 99.045 889 40574
1713.43 99.045 889 40575
1713.44 99.045 890 40576
1713.44 99.05 891 40577
1713.44 99.05 891 40578
1713.45 99.055 892 40579
1713.45 99.055 892 40580
1713.45 99.06 893 40581
1713.45 99.06 893 40582
1713.45 99.065 894 40583
1713.45 99.065 894 40584
1713.46 99.07 895 40585
1713.46 99.07 895 40586
1713.46 99.075 896 40587
1713.46 99.075 896 40588
1713.46 99.08 897 40589
1713.46 99.08 897 40590
1713.47 99.085 898 40591
1713.47 99.085 898 40592
1713.47 99.09 899 40593
1713.47 99.095 900 40594
1713.47 99.095 900 40595
1713.47 99.095 900 40596
1713.48 99.1 901 40597
1713.48 99.105 902 40598
1713.48 99.105 902 40599
1713.48 99.11 903 40600
1713.48 99.11 903 40601
1713.49 99.115 904 40602
1713.49 99.115 904 40603
1713.49 99.12 905 40604
1713.49 99.125 906 40605
1713.49 99.125 906 40606
1713.49 99.13 907 40607
1713.5 99.13 907 40608
1713.5 99.135 908 40609
1713.5 99.135 908 40610
1713.5 99.14 909 40611
1713.5 99.145 910 40612
1713.5 99.145 910 40613
1713.51 99.145 910 40614
1713.51 99.15 911 40615
1713.51 99.155 912 40616
1713.51 99.155 912 40617
1713.51 99.16 913 40618
1713.51 99.165 914 40619
1713.52 99.17 915 40620
1713.52 99.175 916 40621
1713.52 99.175 916 40622
1713.52 99.175 916 40623
1713.52 99.175 916 40624
1713.52 99.18 917 40625
1713.53 99.185 918 40626
1713.53 99.185 918 40627
1713.53 99.19 919 40628
1713.53 99.19 919 40629
1713.53 99.19 919 40630
1713.53 99.19 919 40631
1713.54 99.195 920 40632
1713.54 99.2 921 40633
1713.54 99.2 921 40634
1713.54 99.205 922 40635
1713.54 99.21 923 40636
1713.54 99.21 923 40637
1713.55 99.215 924 40638
1714.06 99.215 930 40639
1714.06 99.22 931 40640
1714.06 99.22 931 40641
1714.06 99.225 932 40642
1714.06 99.225 932 40643
1714.06 99.23 933 40644
1714.07 99.23 933 40645
1714.07 99.235 934 40646
1714.07 99.235 934 40647
1714.07 99.24 935 40648
1714.07 99.24 935 40649
1714.07 99.245 936 40650
1714.08 99.245 936 40651
1714.08 99.25 937 40652
1714.08 99.25 937 40653
1714.09 99.255 939 40654
1714.09 99.26 940 40655
1714.09 99.26 940 40656
1714.1 99.265 941 40657
1714.1 99.265 941 40658
1714.11 99.27 943 40659
1714.11 99.275 944 40660
1714.11 99.275 944 40661
1714.11 99.28 945 40662
1714.12 99.28 945 40663
1714.12 99.285 946 40664
1714.12 99.285 946 40665
1714.12 99.29 947 40666
1714.12 99.29 947 40667
1714.12 99.295 948 40668
1714.13 99.295 948 40669
1714.13 99.3 949 40670
1714.13 99.3 949 40671
1714.13 99.305 950 40672
1714.13 99.305 950 40673
1714.13 99.31 951 40674
1714.14 99.31 951 40675
1714.14 99.315 952 40676
1714.14 99.315 952 40677
1714.14 99.32 953 40678
1714.14 99.32 953 40679
1714.14 99.325 954 40680
1714.15 99.33 955 40681
1714.15 99.33 955 40682
1714.15 99.335 956 40683
1714.15 99.335 956 40684
1714.15 99.34 957 40685
1714.15 99.34 957 40686
1714.16 99.345 958 40687
1714.17 99.345 959 40688
1714.17 99.35 960 40689
1714.17 99.35 960 40690
1714.17 99.355 961 40691
1714.17 99.355 961 40692
1714.17 99.36 962 40693
1714.17 99.36 962 40694
1714.18 99.365 963 40695
1714.18 99.365 963 40696
1714.18 99.37 964 40697
1714.18 99.37 964 40698
1714.18 99.375 965 40699
1714.18 99.375 965 40700
1714.19 99.38 966 40701
1714.19 99.38 966 40702
1714.19 99.385 967 40703
1714.19 99.385 967 40704
1714.19 99.39 968 40705
1714.19 99.395 969 40706
1714.2 99.395 969 40707
1714.2 99.4 970 40708
1714.2 99.4 970 40709
1714.2 99.405 971 40710
1714.2 99.41 972 40711
1714.2 99.41 972 40712
1714.21 99.415 973 40713
1714.21 99.42 974 40714
1714.21 99.42 974 40715
1714.21 99.425 975 40716
1714.21 99.425 975 40717
1714.22 99.425 975 40718
1714.22 99.425 976 40719
1714.22 99.43 977 40720
1714.22 99.43 977 40721
1714.23 99.435 978 40722
1714.23 99.435 978 40723
1714.23 99.44 979 40724
1714.23 99.44 979 40725
1714.23 99.445 980 40726
1714.23 99.45 981 40727
1714.24 99.45 981 40728
1714.24 99.455 982 40729
1714.24 99.455 982 40730
1714.24 99.455 982 40731
1714.24 99.46 983 40732
1714.25 99.46 984 40733
1714.25 99.465 985 40734
1714.26 99.465 985 40735
1714.26 99.47 986 40736
1714.26 99.47 986 40737
1714.26 99.475 987 40738
1714.26 99.475 987 40739
1714.26 99.48 988 40740
1714.27 99.48 988 40741
1714.27 99.485 989 40742
1714.27 99.485 989 40743
1714.27 99.49 990 40744
1714.27 99.49 990 40745
1714.27 99.495 991 40746
1714.28 99.495 991 40747
1714.28 99.5 992 40748
1714.28 99.5 992 40749
1714.29 99.505 994 40750
1714.29 99.51 995 40751
1714.29 99.51 995 40752
1714.3 99.515 996 40753
1714.3 99.515 996 40754
1714.3 99.52 997 40755
1714.3 99.52 997 40756
1714.3 99.525 998 40757
1714.3 99.525 998 40758
1714.31 99.53 999 40759
1714.31 99.53 999 40760
1714.31 99.535 1000 40761
1714.31 99.54 1001 40762
1714.31 99.545 1002 40763
1714.31 99.545 1002 40764
1714.32 99.55 1003 40765
1714.32 99.55 1003 40766
1714.33 99.55 1004 40767
1714.33 99.555 1005 40768
1714.33 99.555 1005 40769
1714.33 99.56 1006 40770
1714.33 99.565 1007 40771
1714.33 99.565 1007 40772
1714.34 99.57 1008 40773
1714.34 99.575 1009 40774
1714.34 99.575 1009 40775
1714.34 99.575 1009 40776
1714.34 99.58 1010 40777
1714.35 99.585 1011 40778
1714.35 99.59 1012 40779
1714.35 99.595 1013 40780
1714.35 99.595 1013 40781
1714.35 99.6 1014 40782
1714.35 99.605 1015 40783
1714.36 99.605 1015 40784
1714.36 99.61 1016 40785
1714.36 99.61 1016 40786
1714.36 99.61 1016 40787
1714.36 99.61 1016 40788
1714.36 99.61 1016 40789
1714.36 99.615 1017 40790
1714.37 99.615 1017 40791
1714.37 99.62 1018 40792
1714.37 99.62 1018 40793
1714.37 99.625 1019 40794
1714.37 99.625 1019 40795
1714.37 99.63 1020 40796
1714.38 99.63 1020 40797
1714.38 99.635 1021 40798
1714.38 99.64 1022 40799
1714.38 99.64 1022 40800
1714.38 99.645 1023 40801
1714.38 99.645 1023 40802
1714.39 99.65 1024 40803
1714.39 99.65 1024 40804
1714.39 99.655 1025 40805
1714.39 99.655 1025 40806
1714.39 99.655 1025 40807
1714.39 99.66 1026 40808
1714.4 99.66 1026 40809
1714.4 99.665 1027 40810
1714.4 99.665 1027 40811
1714.4 99.67 1028 40812
1714.4 99.67 1028 40813
1714.4 99.675 1029 40814
1714.41 99.675 1029 40815
1714.41 99.68 1030 40816
1714.41 99.68 1030 40817
1714.41 99.685 1031 40818
1714.41 99.685 1031 40819
1714.41 99.69 1032 40820
1714.42 99.69 1032 40821
1714.42 99.695 1033 40822
1714.42 99.695 1033 40823
1714.42 99.7 1034 40824
1714.42 99.7 1034 40825
1714.42 99.705 1035 40826
1714.43 99.705 1035 40827
1714.43 99.71 1036 40828
1714.43 99.71 1036 40829
1714.43 99.715 1037 40830
1714.44 99.715 1038 40831
1714.44 99.72 1039 40832
1714.44 99.72 1039 40833
1714.44 99.725 1040 40834
1714.45 99.725 1040 40835
1714.45 99.73 1041 40836
1714.45 99.735 1042 40837
1714.45 99.735 1042 40838
1714.45 99.74 1043 40839
1714.46 99.745 1044 40840
1714.46 99.745 1044 40841
1714.46 99.745 1044 40842
1714.46 99.75 1045 40843
1714.46 99.75 1045 40844
1714.46 99.755 1046 40845
1714.46 99.76 1047 40846
1714.47 99.76 1047 40847
1714.47 99.765 1048 40848
1714.47 99.765 1048 40849
1714.47 99.765 1048 40850
1714.47 99.77 1049 40851
1714.48 99.775 1050 40852
1714.48 99.775 1050 40853
1714.49 99.78 1052 40854
1714.5 99.785 1054 40855
1714.5 99.79 1055 40856
1714.5 99.79 1055 40857
1714.51 99.795 1056 40858
1714.51 99.795 1056 40859
1714.51 99.8 1057 40860
1714.51 99.8 1057 40861
1714.51 99.805 1058 40862
1714.51 99.805 1058 40863
1714.52 99.81 1059 40864
1714.52 99.81 1059 40865
1714.52 99.815 1060 40866
1714.52 99.82 1061 40867
1714.52 99.82 1061 40868
1714.52 99.82 1061 40869
1714.54 99.825 1063 40870
1714.54 99.83 1064 40871
1714.54 99.83 1064 40872
1714.54 99.835 1065 40873
1714.54 99.835 1065 40874
1714.54 99.84 1066 40875
1714.55 99.845 1067 40876
1714.55 99.845 1067 40877
1714.55 99.85 1068 40878
1714.55 99.85 1068 40879
1714.55 99.855 1069 40880
1714.55 99.855 1069 40881
1714.56 99.86 1070 40882
1714.56 99.865 1071 40883
1714.56 99.865 1071 40884
1714.56 99.87 1072 40885
1714.56 99.87 1072 40886
1714.56 99.875 1073 40887
1714.57 99.875 1073 40888
1714.57 99.88 1074 40889
1714.57 99.88 1074 40890
1714.57 99.885 1075 40891
1714.57 99.885 1075 40892
1714.57 99.89 1076 40893
1714.58 99.89 1076 40894
1714.58 99.895 1077 40895
1714.58 99.895 1077 40896
1714.58 99.895 1077 40897
1714.58 99.9 1078 40898
1714.58 99.905 1079 40899
1714.59 99.905 1079 40900
1714.59 99.91 1080 40901
1714.59 99.91 1080 40902
1714.59 99.915 1081 40903
1714.59 99.92 1082 40904
1714.59 99.92 1082 40905
1714.59 99.92 1082 40906
1714.6 99.92 1082 40907
1714.6 99.925 1083 40908
1714.6 99.925 1083 40909
1714.6 99.93 1084 40910
1714.6 99.935 1085 40911
1714.61 99.935 1085 40912
1714.61 99.935 1086 40913
1714.61 99.94 1087 40914
1714.62 99.94 1087 40915
1714.62 99.945 1088 40916
1714.62 99.95 1089 40917
1714.62 99.95 1089 40918
1714.62 99.955 1090 40919
1714.62 99.955 1090 40920
1714.63 99.96 1091 40921
1714.63 99.965 1092 40922
1714.63 99.965 1092 40923
1714.63 99.965 1092 40924
1714.63 99.97 1093 40925
1714.63 99.97 1093 40926
1714.64 99.975 1094 40927
1714.64 99.98 1095 40928
1714.64 99.98 1095 40929
1714.64 99.98 1095 40930
1714.64 99.985 1096 40931
1714.64 99.985 1096 40932
1714.65 99.99 1097 40933
1714.65 99.99 1097 40934
1714.65 99.99 1097 40935
1714.65 99.995 1098 40936
1714.65 99.995 1098 40937
1714.65 100 1099 40938
