1500 0 1 1
1500 0.1 2 2
1500.01 0.2 3 3
1500.01 0.3 4 4
1500.01 0.4 5 5
1500.01 0.5 6 6
1500.01 0.6 7 7
1500.01 0.7 8 8
1500.02 0.8 9 9
1500.02 0.9 10 10
1500.02 1 11 11
1500.02 1.1 12 12
1500.02 1.2 13 13
1500.02 1.3 14 14
1500.03 1.4 15 15
1500.03 1.5 16 16
1500.03 1.6 17 17
1500.03 1.7 18 18
1500.03 1.8 19 19
1500.03 1.9 20 20
1500.04 2 21 21
1500.04 2.1 22 22
1500.04 2.2 23 23
1500.04 2.3 24 24
1500.04 2.4 25 25
1500.05 2.5 26 26
1500.05 2.6 27 27
1500.05 2.7 28 28
1500.05 2.8 29 29
1500.05 2.9 30 30
1500.05 3 31 31
1500.06 3.1 32 32
1500.06 3.2 33 33
1500.06 3.3 34 34
1500.06 3.4 35 35
1500.06 3.5 36 36
1500.06 3.6 37 37
1500.07 3.7 38 38
1500.07 3.8 39 39
1500.07 3.9 40 40
1500.07 4 41 41
1500.07 4.1 42 42
1500.08 4.2 43 43
1500.08 4.3 44 44
1500.08 4.4 45 45
1500.08 4.5 46 46
1500.08 4.6 47 47
1500.08 4.7 48 48
1500.09 4.8 49 49
1500.09 4.9 50 50
1500.09 5 51 51
1500.09 5.1 52 52
1500.09 5.2 53 53
1500.09 5.3 54 54
1500.1 5.4 55 55
1500.1 5.5 56 56
1500.1 5.6 57 57
1500.1 5.7 58 58
1500.1 5.8 59 59
1500.1 5.9 60 60
1500.11 6 61 61
1500.11 6.1 62 62
1500.11 6.2 63 63
1500.11 6.3 64 64
1500.11 6.4 65 65
1500.12 6.5 66 66
1500.12 6.6 67 67
1500.12 6.7 68 68
1500.12 6.8 69 69
1500.12 6.9 70 70
1500.12 7 71 71
1500.13 7.1 72 72
1500.13 7.2 73 73
1500.13 7.3 74 74
1500.13 7.4 75 75
1500.13 7.5 76 76
1500.13 7.6 77 77
1500.14 7.7 78 78
1500.14 7.8 79 79
1500.14 7.9 80 80
1500.14 8 81 81
1500.14 8.1 82 82
1500.14 8.2 83 83
1500.15 8.3 84 84
1500.15 8.4 85 85
1500.15 8.5 86 86
1500.15 8.6 87 87
1500.15 8.7 88 88
1500.16 8.8 89 89
1500.16 8.9 90 90
1500.16 9 91 91
1500.16 9.1 92 92
1500.16 9.2 93 93
1500.16 9.3 94 94
1500.17 9.4 95 95
1500.17 9.5 96 96
1500.17 9.6 97 97
1500.17 9.7 98 98
1500.17 9.8 99 99
1500.17 9.9 100 100
1500.18 10 101 101
1500.18 10.1 102 102
1500.18 10.2 103 103
1500.18 10.3 104 104
1500.18 10.4 105 105
1500.19 10.5 106 106
1500.19 10.6 107 107
1500.19 10.7 108 108
1500.19 10.8 109 109
1500.19 10.9 110 110
1500.19 11 111 111
1500.2 11.1 112 112
1500.2 11.2 113 113
1500.2 11.3 114 114
1500.2 11.4 115 115
1500.2 11.5 116 116
1500.2 11.6 117 117
1500.21 11.7 118 118
1500.21 11.8 119 119
1500.21 11.9 120 120
1500.21 12 121 121
1500.21 12.1 122 122
1500.21 12.2 123 123
1500.22 12.3 124 124
1500.22 12.4 125 125
1500.22 12.5 126 126
1500.22 12.6 127 127
1500.22 12.7 128 128
1500.23 12.8 129 129
1500.23 12.9 130 130
1500.23 13 131 131
1500.23 13.1 132 132
1500.23 13.2 133 133
1500.23 13.3 134 134
1500.24 13.4 135 135
1500.24 13.5 136 136
1500.24 13.6 137 137
1500.24 13.7 138 138
1500.24 13.8 139 139
1500.24 13.9 140 140
1500.25 14 141 141
1500.25 14.1 142 142
1500.25 14.2 143 143
1500.25 14.3 144 144
1500.25 14.4 145 145
1500.25 14.5 146 146
1500.26 14.6 147 147
1500.26 14.7 148 148
1500.26 14.8 149 149
1500.26 14.9 150 150
1500.26 15 151 151
1500.27 15.1 152 152
1500.27 15.2 153 153
1500.27 15.3 154 154
1500.27 15.4 155 155
1500.27 15.5 156 156
1500.27 15.6 157 157
1500.28 15.7 158 158
1500.28 15.8 159 159
1500.28 15.9 160 160
1500.28 16 161 161
1500.28 16.1 162 162
1500.28 16.2 163 163
1500.29 16.3 164 164
1500.29 16.4 165 165
1500.29 16.5 166 166
1500.29 16.6 167 167
1500.29 16.7 168 168
1500.3 16.8 169 169
1500.3 16.9 170 170
1500.3 17 171 171
1500.3 17.1 172 172
1500.3 17.2 173 173
1500.3 17.3 174 174
1500.31 17.4 175 175
1500.31 17.5 176 176
1500.31 17.6 177 177
1500.31 17.7 178 178
1500.31 17.8 179 179
1500.31 17.9 180 180
1500.32 18 181 181
1500.32 18.1 182 182
1500.32 18.2 183 183
1500.32 18.3 184 184
1500.32 18.4 185 185
1500.32 18.5 186 186
1500.33 18.6 187 187
1500.33 18.7 188 188
1500.33 18.8 189 189
1500.33 18.9 190 190
1500.33 19 191 191
1500.34 19.1 192 192
1500.34 19.2 193 193
1500.34 19.3 194 194
1500.34 19.4 195 195
1500.34 19.5 196 196
1500.34 19.6 197 197
1500.35 19.7 198 198
1500.35 19.8 199 199
1500.35 19.9 200 200
1500.35 20 201 201
1500.35 20.1 202 202
1500.35 20.2 203 203
1500.36 20.3 204 204
1500.36 20.4 205 205
1500.36 20.5 206 206
1500.36 20.6 207 207
1500.36 20.7 208 208
1500.37 20.8 209 209
1500.37 20.9 210 210
1500.37 21 211 211
1500.37 21.1 212 212
1500.37 21.2 213 213
1500.37 21.3 214 214
1500.38 21.4 215 215
1500.38 21.5 216 216
1500.38 21.6 217 217
1500.38 21.7 218 218
1500.38 21.8 219 219
1500.38 21.9 220 220
1500.39 22 221 221
1500.39 22.1 222 222
1500.39 22.2 223 223
1500.39 22.3 224 224
1500.39 22.4 225 225
1500.39 22.5 226 226
1500.4 22.6 227 227
1500.4 22.7 228 228
1500.4 22.8 229 229
1500.4 22.9 230 230
1500.4 23 231 231
1500.41 23.1 232 232
1500.41 23.2 233 233
1500.41 23.3 234 234
1500.41 23.4 235 235
1500.41 23.5 236 236
1500.41 23.6 237 237
1500.42 23.7 238 238
1500.42 23.8 239 239
1500.42 23.9 240 240
1500.42 24 241 241
1500.42 24.1 242 242
1500.42 24.2 243 243
1500.43 24.3 244 244
1500.43 24.4 245 245
1500.43 24.5 246 246
1500.43 24.6 247 247
1500.43 24.7 248 248
1500.43 24.8 249 249
1500.44 24.9 250 250
1500.44 25 251 251
1500.44 25.1 252 252
1500.44 25.2 253 253
1500.44 25.3 254 254
1500.45 25.4 255 255
1500.45 25.5 256 256
1500.45 25.6 257 257
1500.45 25.7 258 258
1500.45 25.8 259 259
1500.45 25.9 260 260
1500.46 26 261 261
1500.46 26.1 262 262
1500.46 26.2 263 263
1500.46 26.3 264 264
1500.46 26.4 265 265
1500.46 26.5 266 266
1500.47 26.6 267 267
1500.47 26.7 268 268
1500.47 26.8 269 269
1500.47 26.9 270 270
1500.47 27 271 271
1500.48 27.1 272 272
1500.48 27.2 273 273
1500.48 27.3 274 274
1500.48 27.4 275 275
1500.48 27.5 276 276
1500.48 27.6 277 277
1500.49 27.7 278 278
1500.49 27.8 279 279
1500.49 27.9 280 280
1500.49 28 281 281
1500.49 28.1 282 282
1500.49 28.2 283 283
1500.5 28.3 284 284
1500.5 28.4 285 285
1500.5 28.5 286 286
1500.5 28.6 287 287
1500.5 28.7 288 288
1500.51 28.8 289 289
1500.51 28.9 290 290
1500.51 29 291 291
1500.51 29.1 292 292
1500.51 29.2 293 293
1500.51 29.3 294 294
1500.52 29.4 295 295
1500.52 29.5 296 296
1500.52 29.6 297 297
1500.52 29.7 298 298
1500.52 29.8 299 299
1500.52 29.9 300 300
1500.53 30 301 301
1500.53 30.1 302 302
1500.53 30.2 303 303
1500.53 30.3 304 304
1500.53 30.4 305 305
1500.53 30.5 306 306
1500.54 30.6 307 307
1500.54 30.7 308 308
1500.54 30.8 309 309
1500.54 30.9 310 310
1500.54 31 311 311
1500.55 31.1 312 312
1500.55 31.2 313 313
1500.55 31.3 314 314
1500.55 31.4 315 315
1500.55 31.5 316 316
1500.55 31.6 317 317
1500.56 31.7 318 318
1500.56 31.8 319 319
1500.56 31.9 320 320
1500.56 32 321 321
1500.56 32.1 322 322
1500.56 32.2 323 323
1500.57 32.3 324 324
1500.57 32.4 325 325
1500.57 32.5 326 326
1500.57 32.6 327 327
1500.57 32.7 328 328
1500.58 32.8 329 329
1500.58 32.9 330 330
1500.58 33 331 331
1500.58 33.1 332 332
1500.58 33.2 333 333
1500.58 33.3 334 334
1500.59 33.4 335 335
1500.59 33.5 336 336
1500.59 33.6 337 337
1500.59 33.7 338 338
1500.59 33.8 339 339
1500.59 33.9 340 340
1500.6 34 341 341
1500.6 34.1 342 342
1500.6 34.2 343 343
1500.6 34.3 344 344
1500.6 34.4 345 345
1500.6 34.5 346 346
1500.61 34.6 347 347
1500.61 34.7 348 348
1500.61 34.8 349 349
1500.61 34.9 350 350
1500.61 35 351 351
1500.62 35.1 352 352
1500.62 35.2 353 353
1500.62 35.3 354 354
1500.62 35.4 355 355
1500.62 35.5 356 356
1500.62 35.6 357 357
1500.63 35.7 358 358
1500.63 35.8 359 359
1500.63 35.9 360 360
1500.63 36 361 361
1500.63 36.1 362 362
1500.63 36.2 363 363
1500.64 36.3 364 364
1500.64 36.4 365 365
1500.64 36.5 366 366
1500.64 36.6 367 367
1500.64 36.7 368 368
1500.64 36.8 369 369
1500.65 36.9 370 370
1500.65 37 371 371
1500.65 37.1 372 372
1500.65 37.2 373 373
1500.65 37.3 374 374
1500.66 37.4 375 375
1500.66 37.5 376 376
1500.66 37.6 377 377
1500.66 37.7 378 378
1500.66 37.8 379 379
1500.66 37.9 380 380
1500.67 38 381 381
1500.67 38.1 382 382
1500.67 38.2 383 383
1500.67 38.3 384 384
1500.67 38.4 385 385
1500.67 38.5 386 386
1500.68 38.6 387 387
1500.68 38.7 388 388
1500.68 38.8 389 389
1500.68 38.9 390 390
1500.68 39 391 391
1500.69 39.1 392 392
1500.69 39.2 393 393
1500.69 39.3 394 394
1500.69 39.4 395 395
1500.69 39.5 396 396
1500.69 39.6 397 397
1500.7 39.7 398 398
1500.7 39.8 399 399
1500.7 39.9 400 400
1500.7 40 401 401
1500.7 40.1 402 402
1500.7 40.2 403 403
1500.71 40.3 404 404
1500.71 40.4 405 405
1500.71 40.5 406 406
1500.71 40.6 407 407
1500.71 40.7 408 408
1500.71 40.8 409 409
1500.72 40.9 410 410
1500.72 41 411 411
1500.72 41.1 412 412
1500.72 41.2 413 413
1500.72 41.3 414 414
1500.73 41.4 415 415
1500.73 41.5 416 416
1500.73 41.6 417 417
1500.73 41.7 418 418
1500.73 41.8 419 419
1500.73 41.9 420 420
1500.74 42 421 421
1500.74 42.1 422 422
1500.74 42.2 423 423
1500.74 42.3 424 424
1500.74 42.4 425 425
1500.74 42.5 426 426
1500.75 42.6 427 427
1500.75 42.7 428 428
1500.75 42.8 429 429
1500.75 42.9 430 430
1500.75 43 431 431
1500.76 43.1 432 432
1500.76 43.2 433 433
1500.76 43.3 434 434
1500.76 43.4 435 435
1500.76 43.5 436 436
1500.76 43.6 437 437
1500.77 43.7 438 438
1500.77 43.8 439 439
1500.77 43.9 440 440
1500.77 44 441 441
1500.77 44.1 442 442
1500.77 44.2 443 443
1500.78 44.3 444 444
1500.78 44.4 445 445
1500.78 44.5 446 446
1500.78 44.6 447 447
1500.78 44.7 448 448
1500.78 44.8 449 449
1500.79 44.9 450 450
1500.79 45 451 451
1500.79 45.1 452 452
1500.79 45.2 453 453
1500.79 45.3 454 454
1500.8 45.4 455 455
1500.8 45.5 456 456
1500.8 45.6 457 457
1500.8 45.7 458 458
1500.8 45.8 459 459
1500.8 45.9 460 460
1500.81 46 461 461
1500.81 46.1 462 462
1500.81 46.2 463 463
1500.81 46.3 464 464
1500.81 46.4 465 465
1500.81 46.5 466 466
1500.82 46.6 467 467
1500.82 46.7 468 468
1500.82 46.8 469 469
1500.82 46.9 470 470
1500.82 47 471 471
1500.83 47.1 472 472
1500.83 47.2 473 473
1500.83 47.3 474 474
1500.83 47.4 475 475
1500.83 47.5 476 476
1500.83 47.6 477 477
1500.84 47.7 478 478
1500.84 47.8 479 479
1500.84 47.9 480 480
1500.84 48 481 481
1500.84 48.1 482 482
1500.85 48.2 483 483
1500.85 48.3 484 484
1500.85 48.4 485 485
1500.85 48.5 486 486
1500.85 48.6 487 487
1500.85 48.7 488 488
1500.86 48.8 489 489
1500.86 48.9 490 490
1500.86 49 491 491
1500.86 49.1 492 492
1500.86 49.2 493 493
1500.86 49.3 494 494
1500.87 49.4 495 495
1500.87 49.5 496 496
1500.87 49.6 497 497
1500.87 49.7 498 498
1500.87 49.8 499 499
1500.87 49.9 500 500
1500.88 50 501 501
1500.88 50.1 502 502
1500.88 50.2 503 503
1500.88 50.3 504 504
1500.88 50.4 505 505
1500.89 50.5 506 506
1500.89 50.6 507 507
1500.89 50.7 508 508
1500.89 50.8 509 509
1500.89 50.9 510 510
1500.89 51 511 511
1500.9 51.1 512 512
1500.9 51.2 513 513
1500.9 51.3 514 514
1500.9 51.4 515 515
1500.9 51.5 516 516
1500.9 51.6 517 517
1500.91 51.7 518 518
1500.91 51.8 519 519
1500.91 51.9 520 520
1500.91 52 521 521
1500.91 52.1 522 522
1500.92 52.2 523 523
1500.92 52.3 524 524
1500.92 52.4 525 525
1500.92 52.5 526 526
1500.92 52.6 527 527
1500.92 52.7 528 528
1500.93 52.8 529 529
1500.93 52.9 530 530
1500.93 53 531 531
1500.93 53.1 532 532
1500.93 53.2 533 533
1500.93 53.3 534 534
1500.94 53.4 535 535
1500.94 53.5 536 536
1500.94 53.6 537 537
1500.94 53.7 538 538
1500.94 53.8 539 539
1500.94 53.9 540 540
1500.95 54 541 541
1500.95 54.1 542 542
1500.95 54.2 543 543
1500.95 54.3 544 544
1500.95 54.4 545 545
1500.96 54.5 546 546
1500.96 54.6 547 547
1500.96 54.7 548 548
1500.96 54.8 549 549
1500.96 54.9 550 550
1500.96 55 551 551
1500.97 55.1 552 552
1500.97 55.2 553 553
1500.97 55.3 554 554
1500.97 55.4 555 555
1500.97 55.5 556 556
1500.97 55.6 557 557
1500.98 55.7 558 558
1500.98 55.8 559 559
1500.98 55.9 560 560
1500.98 56 561 561
1500.98 56.1 562 562
1500.98 56.2 563 563
1500.99 56.3 564 564
1500.99 56.4 565 565
1500.99 56.5 566 566
1500.99 56.6 567 567
1500.99 56.7 568 568
1501 56.8 569 569
1501 56.9 570 570
1501 57 571 571
1501 57.1 572 572
1501 57.2 573 573
1501 57.3 574 574
1501.01 57.4 575 575
1501.01 57.5 576 576
1501.01 57.6 577 577
1501.01 57.7 578 578
1501.01 57.8 579 579
1501.01 57.9 580 580
1501.02 58 581 581
1501.02 58.1 582 582
1501.02 58.2 583 583
1501.02 58.3 584 584
1501.02 58.4 585 585
1501.03 58.5 586 586
1501.03 58.6 587 587
1501.03 58.7 588 588
1501.03 58.8 589 589
1501.03 58.9 590 590
1501.03 59 591 591
1501.04 59.1 592 592
1501.04 59.2 593 593
1501.04 59.3 594 594
1501.04 59.4 595 595
1501.04 59.5 596 596
1501.04 59.6 597 597
1501.05 59.7 598 598
1501.05 59.8 599 599
1501.05 59.9 600 600
1501.05 60 601 601
1501.05 60.1 602 602
1501.06 60.2 603 603
1501.06 60.3 604 604
1501.06 60.4 605 605
1501.06 60.5 606 606
1501.06 60.6 607 607
1501.06 60.7 608 608
1501.07 60.8 609 609
1501.07 60.9 610 610
1501.07 61 611 611
1501.07 61.1 612 612
1501.07 61.2 613 613
1501.07 61.3 614 614
1501.08 61.4 615 615
1501.08 61.5 616 616
1501.08 61.6 617 617
1501.08 61.7 618 618
1501.08 61.8 619 619
1501.08 61.9 620 620
1501.09 62 621 621
1501.09 62.1 622 622
1501.09 62.2 623 623
1501.09 62.3 624 624
1501.09 62.4 625 625
1501.1 62.5 626 626
1501.1 62.6 627 627
1501.1 62.7 628 628
1501.1 62.8 629 629
1501.1 62.9 630 630
1501.1 63 631 631
1501.11 63.1 632 632
1501.11 63.2 633 633
1501.11 63.3 634 634
1501.11 63.4 635 635
1501.11 63.5 636 636
1501.11 63.6 637 637
1501.12 63.7 638 638
1501.12 63.8 639 639
1501.12 63.9 640 640
1501.12 64 641 641
1501.12 64.1 642 642
1501.13 64.2 643 643
1501.13 64.3 644 644
1501.13 64.4 645 645
1501.13 64.5 646 646
1501.13 64.6 647 647
1501.13 64.7 648 648
1501.14 64.8 649 649
1501.14 64.9 650 650
1501.14 65 651 651
1501.14 65.1 652 652
1501.14 65.2 653 653
1501.14 65.3 654 654
1501.15 65.4 655 655
1501.15 65.5 656 656
1501.15 65.6 657 657
1501.15 65.7 658 658
1501.15 65.8 659 659
1501.16 65.9 660 660
1501.16 66 661 661
1501.16 66.1 662 662
1501.16 66.2 663 663
1501.16 66.3 664 664
1501.16 66.4 665 665
1501.17 66.5 666 666
1501.17 66.6 667 667
1501.17 66.7 668 668
1501.17 66.8 669 669
1501.17 66.9 670 670
1501.17 67 671 671
1501.18 67.1 672 672
1501.18 67.2 673 673
1501.18 67.3 674 674
1501.18 67.4 675 675
1501.18 67.5 676 676
1501.18 67.6 677 677
1501.19 67.7 678 678
1501.19 67.8 679 679
1501.19 67.9 680 680
1501.19 68 681 681
1501.19 68.1 682 682
1501.2 68.2 683 683
1501.2 68.3 684 684
1501.2 68.4 685 685
1501.2 68.5 686 686
1501.2 68.6 687 687
1501.2 68.7 688 688
1501.21 68.8 689 689
1501.21 68.9 690 690
1501.21 69 691 691
1501.21 69.1 692 692
1501.21 69.2 693 693
1501.21 69.3 694 694
1501.22 69.4 695 695
1501.22 69.5 696 696
1501.22 69.6 697 697
1501.22 69.7 698 698
1501.22 69.8 699 699
1501.22 69.9 700 700
1501.23 70 701 701
1501.23 70.1 702 702
1501.23 70.2 703 703
1501.23 70.3 704 704
1501.23 70.4 705 705
1501.24 70.5 706 706
1501.24 70.6 707 707
1501.24 70.7 708 708
1501.24 70.8 709 709
1501.24 70.9 710 710
1501.24 71 711 711
1501.25 71.1 712 712
1501.25 71.2 713 713
1501.25 71.3 714 714
1501.25 71.4 715 715
1501.25 71.5 716 716
1501.25 71.6 717 717
1501.26 71.7 718 718
1501.26 71.8 719 719
1501.26 71.9 720 720
1501.26 72 721 721
1501.26 72.1 722 722
1501.27 72.2 723 723
1501.27 72.3 724 724
1501.27 72.4 725 725
1501.27 72.5 726 726
1501.27 72.6 727 727
1501.27 72.7 728 728
1501.28 72.8 729 729
1501.28 72.9 730 730
1501.28 73 731 731
1501.28 73.1 732 732
1501.28 73.2 733 733
1501.28 73.3 734 734
1501.29 73.4 735 735
1501.29 73.5 736 736
1501.29 73.6 737 737
1501.29 73.7 738 738
1501.29 73.8 739 739
1501.3 73.9 740 740
1501.3 74 741 741
1501.3 74.1 742 742
1501.3 74.2 743 743
1501.3 74.3 744 744
1501.3 74.4 745 745
1501.31 74.5 746 746
1501.31 74.6 747 747
1501.31 74.7 748 748
1501.31 74.8 749 749
1501.31 74.9 750 750
1501.31 75 751 751
1501.32 75.1 752 752
1501.32 75.2 753 753
1501.32 75.3 754 754
1501.32 75.4 755 755
1501.32 75.5 756 756
1501.32 75.6 757 757
1501.33 75.7 758 758
1501.33 75.8 759 759
1501.33 75.9 760 760
1501.33 76 761 761
1501.33 76.1 762 762
1501.34 76.2 763 763
1501.34 76.3 764 764
1501.34 76.4 765 765
1501.34 76.5 766 766
1501.34 76.6 767 767
1501.34 76.7 768 768
1501.35 76.8 769 769
1501.35 76.9 770 770
1501.35 77 771 771
1501.35 77.1 772 772
1501.35 77.2 773 773
1501.35 77.3 774 774
1501.36 77.4 775 775
1501.36 77.5 776 776
1501.36 77.6 777 777
1501.36 77.7 778 778
1501.36 77.8 779 779
1501.37 77.9 780 780
1501.37 78 781 781
1501.37 78.1 782 782
1501.37 78.2 783 783
1501.37 78.3 784 784
1501.37 78.4 785 785
1501.38 78.5 786 786
1501.38 78.6 787 787
1501.38 78.7 788 788
1501.38 78.8 789 789
1501.38 78.9 790 790
1501.38 79 791 791
1501.39 79.1 792 792
1501.39 79.2 793 793
1501.39 79.3 794 794
1501.39 79.4 795 795
1501.39 79.5 796 796
1501.39 79.6 797 797
1501.4 79.7 798 798
1501.4 79.8 799 799
1501.4 79.9 800 800
1501.4 80 801 801
1501.4 80.1 802 802
1501.41 80.2 803 803
1501.41 80.3 804 804
1501.41 80.4 805 805
1501.41 80.5 806 806
1501.41 80.6 807 807
1501.41 80.7 808 808
1501.42 80.8 809 809
1501.42 80.9 810 810
1501.42 81 811 811
1501.42 81.1 812 812
1501.42 81.2 813 813
1501.42 81.3 814 814
1501.43 81.4 815 815
1501.43 81.5 816 816
1501.43 81.6 817 817
1501.43 81.7 818 818
1501.43 81.8 819 819
1501.44 81.9 820 820
1501.44 82 821 821
1501.44 82.1 822 822
1501.44 82.2 823 823
1509.15 82.3 902 824
1509.15 82.4 903 825
1509.16 82.5 904 826
1509.16 82.6 905 827
1509.16 82.7 906 828
1509.16 82.8 907 829
1509.16 82.9 908 830
1509.16 83 909 831
1509.17 83.1 910 832
1509.17 83.2 911 833
1509.17 83.3 912 834
1509.17 83.4 913 835
1509.17 83.5 914 836
1509.17 83.6 915 837
1509.18 83.7 916 838
1509.18 83.8 917 839
1509.18 83.9 918 840
1509.18 84 919 841
1509.18 84.1 920 842
1509.19 84.2 921 843
1509.19 84.3 922 844
1509.19 84.4 923 845
1509.19 84.5 924 846
1509.19 84.6 925 847
1509.19 84.7 926 848
1509.2 84.8 927 849
1509.2 84.9 928 850
1509.2 85 929 851
1509.2 85.1 930 852
1509.2 85.2 931 853
1509.2 85.3 932 854
1509.21 85.4 933 855
1509.21 85.5 934 856
1509.21 85.6 935 857
1509.21 85.7 936 858
1509.21 85.8 937 859
1509.21 85.9 938 860
1509.22 86 939 861
1509.22 86.1 940 862
1509.22 86.2 941 863
1509.22 86.3 942 864
1509.22 86.4 943 865
1509.23 86.5 944 866
1509.23 86.6 945 867
1509.23 86.7 946 868
1509.23 86.8 947 869
1509.23 86.9 948 870
1509.23 87 949 871
1509.24 87.1 950 872
1509.24 87.2 951 873
1509.24 87.3 952 874
1509.24 87.4 953 875
1509.24 87.5 954 876
1509.24 87.6 955 877
1509.25 87.7 956 878
1509.25 87.8 957 879
1509.25 87.9 958 880
1509.25 88 959 881
1509.25 88.1 960 882
1509.26 88.2 961 883
1509.26 88.3 962 884
1509.26 88.4 963 885
1509.26 88.5 964 886
1509.26 88.6 965 887
1509.26 88.7 966 888
1509.27 88.8 967 889
1509.27 88.9 968 890
1509.27 89 969 891
1509.27 89.1 970 892
1509.27 89.2 971 893
1509.27 89.3 972 894
1509.28 89.4 973 895
1509.28 89.5 974 896
1509.28 89.6 975 897
1509.28 89.7 976 898
1509.28 89.8 977 899
1509.29 89.9 978 900
1509.29 90 979 901
1509.29 90.1 980 902
1509.29 90.2 981 903
1509.29 90.3 982 904
1509.29 90.4 983 905
1509.3 90.5 984 906
1509.3 90.6 985 907
1509.3 90.7 986 908
1509.3 90.8 987 909
1509.3 90.9 988 910
1509.3 91 989 911
1509.31 91.1 990 912
1509.31 91.2 991 913
1509.31 91.3 992 914
1509.31 91.4 993 915
1509.31 91.5 994 916
1509.32 91.6 995 917
1509.32 91.7 996 918
1509.32 91.8 997 919
1509.32 91.9 998 920
1509.32 92 999 921
1509.32 92.1 1000 922
1509.33 92.2 1001 923
1509.33 92.3 1002 924
1509.33 92.4 1003 925
1509.33 92.5 1004 926
1509.33 92.6 1005 927
1509.33 92.7 1006 928
1509.34 92.8 1007 929
1509.34 92.9 1008 930
1509.34 93 1009 931
1509.34 93.1 1010 932
1509.34 93.2 1011 933
1509.35 93.3 1012 934
1509.35 93.4 1013 935
1509.35 93.5 1014 936
1509.35 93.6 1015 937
1509.35 93.7 1016 938
1509.35 93.8 1017 939
1509.36 93.9 1018 940
1509.36 94 1019 941
1509.36 94.1 1020 942
1509.36 94.2 1021 943
1509.36 94.3 1022 944
1509.36 94.4 1023 945
1509.37 94.5 1024 946
1509.37 94.6 1025 947
1509.37 94.7 1026 948
1509.37 94.8 1027 949
1509.37 94.9 1028 950
1509.37 95 1029 951
1509.38 95.1 1030 952
1509.38 95.2 1031 953
1509.38 95.3 1032 954
1509.38 95.4 1033 955
1509.38 95.5 1034 956
1509.39 95.6 1035 957
1509.39 95.7 1036 958
1509.39 95.8 1037 959
1509.39 95.9 1038 960
1509.39 96 1039 961
1509.39 96.1 1040 962
1509.4 96.2 1041 963
1509.4 96.3 1042 964
1509.4 96.4 1043 965
1509.4 96.5 1044 966
1509.4 96.6 1045 967
1509.4 96.7 1046 968
1509.41 96.8 1047 969
1509.41 96.9 1048 970
1509.41 97 1049 971
1509.41 97.1 1050 972
1509.41 97.2 1051 973
1509.42 97.3 1052 974
1509.42 97.4 1053 975
1509.42 97.5 1054 976
1509.42 97.6 1055 977
1509.42 97.7 1056 978
1509.42 97.8 1057 979
1509.43 97.9 1058 980
1509.43 98 1059 981
1509.43 98.1 1060 982
1509.43 98.2 1061 983
1509.43 98.3 1062 984
1509.43 98.4 1063 985
1509.44 98.5 1064 986
1509.44 98.6 1065 987
1509.44 98.7 1066 988
1509.44 98.8 1067 989
1509.44 98.9 1068 990
1509.45 99 1069 991
1509.45 99.1 1070 992
1509.45 99.2 1071 993
1509.45 99.3 1072 994
1509.45 99.4 1073 995
1509.45 99.5 1074 996
1509.46 99.6 1075 997
1509.46 99.7 1076 998
1509.46 99.8 1077 999
1509.46 99.9 1078 1000
1509.46 100 1079 1001
