1502 0 1 1
1502 0.1 1 2
1502.01 0.1 1 3
1502.01 0.2 1 4
1502.02 0.3 1 5
1502.02 0.4 1 6
1502.03 0.5 1 7
1502.03 0.6 1 8
1502.04 0.7 1 9
1502.04 0.8 1 10
1502.05 0.9 1 11
1502.05 1 1 12
1502.06 1.1 1 13
1502.06 1.2 1 14
1502.07 1.3 1 15
1502.07 1.4 1 16
1502.08 1.5 1 17
1502.08 1.6 1 18
1502.09 1.7 1 19
1502.09 1.8 1 20
1502.1 1.9 1 21
1502.1 2 1 22
1509.08 2.1 1 23
1509.08 2.2 1 24
1509.09 2.3 1 25
1509.09 2.4 1 26
1509.1 2.5 1 27
1509.1 2.6 1 28
1509.11 2.7 1 29
1509.11 2.8 1 30
1509.12 2.9 1 31
1509.12 3 1 32
1509.13 3.1 1 33
1509.13 3.2 1 34
1509.14 3.3 1 35
1509.14 3.4 1 36
1509.15 3.5 1 37
1509.15 3.6 1 38
1509.16 3.7 1 39
1509.16 3.8 1 40
1509.17 3.9 1 41
1509.17 4 1 42
1509.18 4.1 1 43
1509.18 4.2 1 44
1509.19 4.3 1 45
1509.19 4.4 1 46
1509.2 4.4 1 47
1509.2 4.5 1 48
1509.21 4.6 1 49
1509.21 4.7 1 50
1509.22 4.8 1 51
1509.22 4.9 1 52
1509.23 5 1 53
1509.23 5.1 1 54
1509.24 5.1 1 55
1509.24 5.2 1 56
1509.25 5.3 1 57
1509.25 5.4 1 58
1509.26 5.5 1 59
1509.26 5.6 1 60
1509.27 5.7 1 61
1509.27 5.8 1 62
1509.28 5.9 1 63
1509.28 6 1 64
1509.29 6.1 1 65
1509.29 6.2 1 66
1509.3 6.3 1 67
1509.3 6.3 1 68
1509.31 6.4 1 69
1509.31 6.5 1 70
1509.32 6.6 1 71
1509.32 6.7 1 72
1509.33 6.8 1 73
1509.33 6.9 1 74
1509.34 7 1 75
1509.34 7.1 1 76
1509.35 7.1 1 77
1509.35 7.2 1 78
1509.36 7.2 1 79
1509.36 7.3 1 80
1509.37 7.4 1 81
1509.37 7.5 1 82
1509.38 7.6 1 83
1509.38 7.7 1 84
1509.39 7.8 1 85
1509.39 7.9 1 86
1509.4 8 1 87
1509.4 8 1 88
1509.41 8.1 1 89
1509.41 8.2 1 90
1509.42 8.3 1 91
1509.42 8.4 1 92
1509.43 8.5 1 93
1509.43 8.6 1 94
1509.44 8.7 1 95
1509.44 8.8 1 96
1509.45 8.9 1 97
1509.45 9 1 98
1509.46 9.1 1 99
1509.46 9.2 1 100
1509.47 9.3 1 101
1509.47 9.4 1 102
1509.48 9.5 1 103
1509.48 9.6 1 104
1509.49 9.7 1 105
1509.49 9.8 1 106
1509.5 9.9 1 107
1509.5 10 1 108
1509.51 10.1 1 109
1509.51 10.2 1 110
1509.52 10.3 1 111
1509.52 10.4 1 112
1509.53 10.5 1 113
1509.53 10.6 1 114
1509.54 10.7 1 115
1509.54 10.7 1 116
1509.55 10.8 1 117
1509.55 10.9 1 118
1509.56 11 1 119
1509.56 11.1 1 120
1509.57 11.2 1 121
1509.57 11.3 1 122
1509.58 11.4 1 123
1509.58 11.5 1 124
1509.59 11.6 1 125
1509.59 11.7 1 126
1509.6 11.8 1 127
1509.6 11.9 1 128
1509.61 12 1 129
1509.61 12.1 1 130
1509.62 12.2 1 131
1509.62 12.3 1 132
1509.63 12.4 1 133
1509.63 12.5 1 134
1509.64 12.6 1 135
1509.64 12.7 1 136
1509.65 12.8 1 137
1509.65 12.9 1 138
1509.66 13 1 139
1509.66 13.1 1 140
1509.67 13.2 1 141
1509.67 13.3 1 142
1509.68 13.4 1 143
1509.68 13.5 1 144
1509.69 13.6 1 145
1509.69 13.7 1 146
1509.7 13.8 1 147
1509.7 13.9 1 148
1509.71 14 1 149
1509.71 14 1 150
1509.72 14.1 1 151
1509.72 14.2 1 152
1509.73 14.3 1 153
1509.73 14.4 1 154
1509.74 14.5 1 155
1509.74 14.6 1 156
1509.75 14.7 1 157
1509.75 14.8 1 158
1509.76 14.9 1 159
1509.76 14.9 1 160
1509.77 15 1 161
1509.77 15.1 1 162
1509.78 15.2 1 163
1509.78 15.3 1 164
1509.79 15.4 1 165
1509.79 15.5 1 166
1509.8 15.6 1 167
1509.8 15.7 1 168
1509.81 15.8 1 169
1509.81 15.9 1 170
1509.82 15.9 1 171
1509.82 16 1 172
1509.83 16.1 1 173
1509.83 16.2 1 174
1509.84 16.3 1 175
1509.84 16.4 1 176
1509.85 16.5 1 177
1509.85 16.5 1 178
1509.86 16.6 1 179
1509.86 16.7 1 180
1509.87 16.8 1 181
1509.87 16.9 1 182
1509.88 17 1 183
1509.88 17.1 1 184
1509.89 17.2 1 185
1509.89 17.3 1 186
1509.9 17.3 1 187
1509.9 17.4 1 188
1509.91 17.5 1 189
1509.91 17.6 1 190
1509.92 17.7 1 191
1509.92 17.8 1 192
1509.93 17.9 1 193
1509.93 18 1 194
1509.94 18.1 1 195
1509.94 18.2 1 196
1509.95 18.3 1 197
1509.95 18.4 1 198
1509.96 18.5 1 199
1509.96 18.6 1 200
1509.97 18.7 1 201
1509.97 18.7 1 202
1509.98 18.8 1 203
1509.98 18.9 1 204
1509.99 19 1 205
1509.99 19.1 1 206
1510 19.1 1 207
1510 19.2 1 208
1510.01 19.3 1 209
1510.01 19.4 1 210
1510.02 19.5 1 211
1510.02 19.6 1 212
1510.03 19.7 1 213
1510.03 19.8 1 214
1510.04 19.9 1 215
1510.04 20 1 216
1510.05 20 1 217
1510.05 20.1 1 218
1510.06 20.2 1 219
1510.06 20.3 1 220
1510.07 20.4 1 221
1510.07 20.5 1 222
1510.08 20.5 1 223
1510.08 20.6 1 224
1510.09 20.7 1 225
1510.09 20.7 1 226
1510.1 20.8 1 227
1510.1 20.9 1 228
1510.11 21 1 229
1510.11 21 1 230
1510.12 21.1 1 231
1510.12 21.2 1 232
1510.13 21.3 1 233
1510.13 21.4 1 234
1510.14 21.5 1 235
1510.14 21.6 1 236
1510.15 21.6 1 237
1510.15 21.6 1 238
1510.16 21.7 1 239
1510.16 21.7 1 240
1510.17 21.8 1 241
1510.17 21.9 1 242
1510.18 22 1 243
1510.18 22.1 1 244
1510.19 22.2 1 245
1510.19 22.3 1 246
1510.2 22.4 1 247
1510.2 22.5 1 248
1510.21 22.5 1 249
1510.21 22.5 1 250
1510.22 22.6 1 251
1510.22 22.7 1 252
1510.23 22.8 1 253
1510.23 22.9 1 254
1510.24 23 1 255
1510.24 23.1 1 256
1510.25 23.2 1 257
1510.25 23.3 1 258
1510.26 23.4 1 259
1510.26 23.5 1 260
1510.27 23.5 1 261
1510.27 23.6 1 262
1510.28 23.7 1 263
1510.28 23.8 1 264
1510.29 23.9 1 265
1510.29 24 1 266
1510.3 24.1 1 267
1510.3 24.2 1 268
1510.31 24.3 1 269
1510.31 24.4 1 270
1510.32 24.4 1 271
1510.32 24.5 1 272
1510.33 24.6 1 273
1510.33 24.7 1 274
1510.34 24.7 1 275
1510.34 24.7 1 276
1510.35 24.7 1 277
1510.35 24.7 1 278
1510.36 24.8 1 279
1510.36 24.9 1 280
1510.37 25 1 281
1510.37 25 1 282
1510.38 25.1 1 283
1510.38 25.2 1 284
1510.39 25.3 1 285
1510.39 25.4 1 286
1510.4 25.5 1 287
1510.4 25.6 1 288
1510.41 25.7 1 289
1510.41 25.8 1 290
1510.42 25.9 1 291
1510.42 26 1 292
1510.43 26.1 1 293
1510.43 26.2 1 294
1510.44 26.3 1 295
1510.44 26.4 1 296
1510.45 26.4 1 297
1510.45 26.5 1 298
1510.46 26.6 1 299
1510.46 26.7 1 300
1510.47 26.8 1 301
1510.47 26.8 1 302
1510.48 26.9 1 303
1510.48 27 1 304
1510.49 27.1 1 305
1510.49 27.2 1 306
1510.5 27.3 1 307
1510.5 27.4 1 308
1510.51 27.5 1 309
1510.51 27.5 1 310
1510.52 27.6 1 311
1510.52 27.6 1 312
1510.53 27.7 1 313
1510.53 27.8 1 314
1510.54 27.8 1 315
1510.54 27.9 1 316
1510.55 28 1 317
1510.55 28.1 1 318
1510.56 28.2 1 319
1510.56 28.3 1 320
1510.57 28.4 1 321
1510.57 28.5 1 322
1510.58 28.6 1 323
1510.58 28.7 1 324
1510.59 28.8 1 325
1510.59 28.9 1 326
1510.6 29 1 327
1510.6 29.1 1 328
1510.61 29.2 1 329
1510.61 29.3 1 330
1510.62 29.4 1 331
1510.62 29.5 1 332
1510.63 29.6 1 333
1510.63 29.7 1 334
1510.64 29.8 1 335
1510.64 29.9 1 336
1510.65 30 1 337
1510.65 30.1 1 338
1510.66 30.2 1 339
1510.66 30.3 1 340
1510.67 30.3 1 341
1510.67 30.4 1 342
1510.68 30.5 1 343
1510.68 30.5 1 344
1510.69 30.6 1 345
1510.69 30.7 1 346
1510.7 30.8 1 347
1510.7 30.9 1 348
1510.71 31 1 349
1510.71 31 1 350
1510.72 31.1 1 351
1510.72 31.2 1 352
1510.73 31.2 1 353
1510.73 31.3 1 354
1510.74 31.4 1 355
1510.74 31.5 1 356
1510.75 31.6 1 357
1510.75 31.7 1 358
1510.76 31.7 1 359
1510.76 31.8 1 360
1510.77 31.9 1 361
1510.77 32 1 362
1510.78 32.1 1 363
1510.78 32.2 1 364
1510.79 32.2 1 365
1510.79 32.3 1 366
1510.8 32.4 1 367
1510.8 32.5 1 368
1510.81 32.6 1 369
1510.81 32.6 1 370
1510.82 32.7 1 371
1510.82 32.8 1 372
1510.83 32.9 1 373
1510.83 33 1 374
1510.84 33.1 1 375
1510.84 33.2 1 376
1510.85 33.3 1 377
1510.85 33.4 1 378
1510.86 33.5 1 379
1510.86 33.6 1 380
1510.87 33.7 1 381
1510.87 33.8 1 382
1510.88 33.9 1 383
1510.88 34 1 384
1510.89 34.1 1 385
1510.89 34.2 1 386
1510.9 34.2 1 387
1510.9 34.2 1 388
1510.91 34.3 1 389
1510.91 34.4 1 390
1510.92 34.4 1 391
1510.92 34.5 1 392
1510.93 34.6 1 393
1510.93 34.7 1 394
1510.94 34.8 1 395
1510.94 34.9 1 396
1510.95 35 1 397
1510.95 35.1 1 398
1510.96 35.2 1 399
1510.96 35.3 1 400
1510.97 35.4 1 401
1510.97 35.5 1 402
1510.98 35.6 1 403
1510.98 35.7 1 404
1510.99 35.8 1 405
1510.99 35.9 1 406
1511 36 1 407
1511 36.1 1 408
1511.01 36.2 1 409
1511.01 36.3 1 410
1511.02 36.4 1 411
1511.02 36.5 1 412
1511.03 36.5 1 413
1511.03 36.6 1 414
1511.04 36.7 1 415
1511.04 36.8 1 416
1511.05 36.9 1 417
1511.05 36.9 1 418
1511.06 37 1 419
1511.06 37.1 1 420
1511.07 37.2 1 421
1511.07 37.3 1 422
1511.08 37.4 1 423
1511.08 37.5 1 424
1511.09 37.6 1 425
1511.09 37.7 1 426
1511.1 37.8 1 427
1511.1 37.9 1 428
1511.11 37.9 1 429
1511.11 38 1 430
1511.12 38.1 1 431
1511.12 38.2 1 432
1511.13 38.3 1 433
1511.13 38.3 1 434
1511.14 38.4 1 435
1511.14 38.4 1 436
1511.15 38.4 1 437
1511.15 38.4 1 438
1511.16 38.5 1 439
1511.16 38.6 1 440
1511.17 38.7 1 441
1511.17 38.8 1 442
1511.18 38.9 1 443
1511.18 39 1 444
1511.19 39.1 1 445
1511.19 39.2 1 446
1511.2 39.3 1 447
1511.2 39.4 1 448
1511.21 39.5 1 449
1511.21 39.6 1 450
1511.22 39.7 1 451
1511.22 39.8 1 452
1511.23 39.9 1 453
1511.23 40 1 454
1511.24 40.1 1 455
1511.24 40.2 1 456
1511.25 40.3 1 457
1511.25 40.4 1 458
1511.26 40.5 1 459
1511.26 40.6 1 460
1511.27 40.6 1 461
1511.27 40.6 1 462
1511.28 40.7 1 463
1511.28 40.8 1 464
1511.29 40.9 1 465
1511.29 41 1 466
1511.3 41.1 1 467
1511.3 41.2 1 468
1511.31 41.2 1 469
1511.31 41.3 1 470
1511.32 41.4 1 471
1511.32 41.5 1 472
1511.33 41.6 1 473
1511.33 41.7 1 474
1511.34 41.7 1 475
1511.34 41.8 1 476
1511.35 41.9 1 477
1511.35 42 1 478
1511.36 42.1 1 479
1511.36 42.2 1 480
1511.37 42.3 1 481
1511.37 42.4 1 482
1511.38 42.5 1 483
1511.38 42.6 1 484
1511.39 42.7 1 485
1511.39 42.8 1 486
1511.4 42.9 1 487
1511.4 43 1 488
1511.41 43.1 1 489
1511.41 43.2 1 490
1511.42 43.3 1 491
1511.42 43.4 1 492
1511.43 43.5 1 493
1511.43 43.5 1 494
1511.44 43.6 1 495
1511.44 43.6 1 496
1511.45 43.6 1 497
1511.45 43.7 1 498
1511.46 43.7 1 499
1511.46 43.8 1 500
1511.47 43.9 1 501
1511.47 43.9 1 502
1511.48 44 1 503
1511.48 44 1 504
1541.23 44.1 1 505
1541.24 44.2 1 506
1541.25 44.3 1 507
1541.26 44.3 1 508
1541.27 44.3 1 509
1541.28 44.4 1 510
1541.29 44.5 1 511
1541.3 44.6 1 512
1541.31 44.7 1 513
1541.32 44.8 1 514
1541.33 44.8 1 515
1541.34 44.8 1 516
1541.35 44.9 1 517
1541.36 45 1 518
1541.37 45.1 1 519
1541.38 45.1 1 520
1541.39 45.1 1 521
1541.4 45.1 1 522
1541.41 45.2 1 523
1541.42 45.2 1 524
1541.43 45.2 1 525
1541.44 45.2 1 526
1541.45 45.3 1 527
1541.46 45.3 1 528
1541.47 45.4 1 529
1541.48 45.5 1 530
1541.49 45.5 1 531
1541.5 45.6 1 532
1541.51 45.6 1 533
1541.52 45.7 1 534
1541.53 45.8 1 535
1541.54 45.8 1 536
1541.55 45.8 1 537
1541.56 45.9 1 538
1541.57 45.9 1 539
1541.58 46 1 540
1541.59 46.1 1 541
1541.6 46.2 1 542
1541.61 46.2 1 543
1541.62 46.2 1 544
1541.63 46.2 1 545
1541.64 46.3 1 546
1541.65 46.4 1 547
1541.66 46.5 1 548
1541.67 46.5 1 549
1541.68 46.5 1 550
1541.69 46.5 1 551
1541.7 46.6 1 552
1541.71 46.7 1 553
1541.72 46.7 1 554
1541.73 46.8 1 555
1541.74 46.9 1 556
1541.75 47 1 557
1541.76 47.1 1 558
1541.77 47.2 1 559
1541.78 47.3 1 560
1541.79 47.4 1 561
1541.8 47.4 1 562
1541.81 47.4 1 563
1541.82 47.5 1 564
1541.83 47.6 1 565
1541.84 47.7 1 566
1541.85 47.8 1 567
1541.86 47.9 1 568
1541.87 48 1 569
1541.88 48.1 1 570
1541.89 48.2 1 571
1541.9 48.3 1 572
1541.91 48.3 1 573
1541.92 48.3 1 574
1541.93 48.4 1 575
1541.94 48.5 1 576
1541.95 48.5 1 577
1541.96 48.5 1 578
1541.97 48.5 1 579
1541.98 48.5 1 580
1541.99 48.5 1 581
1542 48.6 1 582
1542.01 48.6 1 583
1542.02 48.6 1 584
1542.03 48.7 1 585
1542.04 48.8 1 586
1542.05 48.9 1 587
1542.06 48.9 1 588
1542.07 49 1 589
1542.08 49.1 1 590
1542.09 49.2 1 591
1542.1 49.3 1 592
1542.11 49.4 1 593
1542.12 49.5 1 594
1542.13 49.6 1 595
1542.14 49.7 1 596
1542.15 49.7 1 597
1542.16 49.7 1 598
1542.17 49.8 1 599
1542.18 49.8 1 600
1542.19 49.8 1 601
1542.2 49.9 1 602
1542.21 49.9 1 603
1542.22 49.9 1 604
1542.23 50 1 605
1542.24 50 1 606
1542.25 50.1 1 607
1542.26 50.1 1 608
1542.27 50.2 1 609
1542.28 50.3 1 610
1542.29 50.4 1 611
1542.3 50.5 1 612
1542.31 50.6 1 613
1542.32 50.7 1 614
1542.33 50.8 1 615
1542.34 50.9 1 616
1542.35 50.9 1 617
1542.36 50.9 1 618
1542.37 51 1 619
1542.38 51 1 620
1542.39 51.1 1 621
1542.4 51.2 1 622
1542.41 51.3 1 623
1542.42 51.3 1 624
1542.43 51.4 1 625
1542.44 51.4 1 626
1542.45 51.4 1 627
1542.46 51.4 1 628
1542.47 51.5 1 629
1542.48 51.5 1 630
1542.49 51.6 1 631
1542.5 51.7 1 632
1542.51 51.7 1 633
1542.52 51.8 1 634
1542.53 51.8 1 635
1542.54 51.9 1 636
1542.55 52 1 637
1542.56 52.1 1 638
1542.57 52.2 1 639
1542.58 52.2 1 640
1542.59 52.3 1 641
1542.6 52.3 1 642
1542.61 52.4 1 643
1542.62 52.5 1 644
1542.63 52.6 1 645
1542.64 52.6 1 646
1542.65 52.7 1 647
1542.66 52.7 1 648
1542.67 52.8 1 649
1542.68 52.8 1 650
1542.69 52.8 1 651
1542.7 52.9 1 652
1542.71 52.9 1 653
1542.72 52.9 1 654
1542.73 53 1 655
1542.74 53 1 656
1542.75 53 1 657
1542.76 53 1 658
1542.77 53.1 1 659
1542.78 53.1 1 660
1542.79 53.1 1 661
1542.8 53.1 1 662
1542.81 53.2 1 663
1542.82 53.3 1 664
1542.83 53.3 1 665
1542.84 53.4 1 666
1542.85 53.5 1 667
1542.86 53.6 1 668
1542.87 53.7 1 669
1542.88 53.7 1 670
1542.89 53.7 1 671
1542.9 53.7 1 672
1542.91 53.7 1 673
1542.92 53.7 1 674
1542.93 53.7 1 675
1542.94 53.8 1 676
1542.95 53.9 1 677
1542.96 54 1 678
1542.97 54.1 1 679
1542.98 54.1 1 680
1542.99 54.2 1 681
1543 54.2 1 682
1543.01 54.3 1 683
1543.02 54.4 1 684
1543.03 54.4 1 685
1543.04 54.5 1 686
1543.05 54.6 1 687
1543.06 54.7 1 688
1543.07 54.8 1 689
1543.08 54.9 1 690
1543.09 54.9 1 691
1543.1 55 1 692
1543.11 55 1 693
1543.12 55.1 1 694
1543.13 55.1 1 695
1543.14 55.2 1 696
1543.15 55.3 1 697
1543.16 55.4 1 698
1543.17 55.5 1 699
1543.18 55.6 1 700
1543.19 55.7 1 701
1543.2 55.8 1 702
1543.21 55.8 1 703
1543.22 55.9 1 704
1543.23 55.9 1 705
1543.24 55.9 1 706
1543.25 55.9 1 707
1543.26 55.9 1 708
1543.27 55.9 1 709
1543.28 55.9 1 710
1543.29 55.9 1 711
1543.3 55.9 1 712
1543.31 55.9 1 713
1543.32 56 1 714
1543.33 56.1 1 715
1543.34 56.2 1 716
1543.35 56.2 1 717
1543.36 56.2 1 718
1543.37 56.2 1 719
1543.38 56.2 1 720
1543.39 56.3 1 721
1543.4 56.3 1 722
1543.41 56.4 1 723
1543.42 56.5 1 724
1543.43 56.5 1 725
1543.44 56.5 1 726
1543.45 56.5 1 727
1543.46 56.5 1 728
1543.47 56.6 1 729
1543.48 56.6 1 730
1543.49 56.6 1 731
1543.5 56.7 1 732
1543.51 56.7 1 733
1543.52 56.8 1 734
1543.53 56.8 1 735
1543.54 56.9 1 736
1543.55 56.9 1 737
1543.56 57 1 738
1543.57 57.1 1 739
1543.58 57.1 1 740
1543.59 57.2 1 741
1543.6 57.3 1 742
1543.61 57.4 1 743
1543.62 57.5 1 744
1543.63 57.6 1 745
1543.64 57.7 1 746
1543.65 57.8 1 747
1543.66 57.9 1 748
1543.67 57.9 1 749
1543.68 58 1 750
1543.69 58 1 751
1543.7 58.1 1 752
1543.71 58.2 1 753
1543.72 58.2 1 754
1543.73 58.3 1 755
1543.74 58.4 1 756
1543.75 58.4 1 757
1543.76 58.4 1 758
1543.77 58.4 1 759
1543.78 58.5 1 760
1543.79 58.6 1 761
1543.8 58.6 1 762
1543.81 58.7 1 763
1543.82 58.8 1 764
1543.83 58.8 1 765
1543.84 58.9 1 766
1543.85 58.9 1 767
1543.86 59 1 768
1543.87 59.1 1 769
1543.88 59.1 1 770
1543.89 59.2 1 771
1543.9 59.3 1 772
1543.91 59.4 1 773
1543.92 59.4 1 774
1543.93 59.4 1 775
1543.94 59.4 1 776
1543.95 59.5 1 777
1543.96 59.5 1 778
1543.97 59.6 1 779
1543.98 59.6 1 780
1543.99 59.6 1 781
1544 59.7 1 782
1544.01 59.7 1 783
1544.02 59.7 1 784
1544.03 59.8 1 785
1544.04 59.9 1 786
1544.05 59.9 1 787
1544.06 60 1 788
1544.07 60 1 789
1544.08 60 1 790
1544.09 60.1 1 791
1544.1 60.1 1 792
1544.11 60.2 1 793
1544.12 60.2 1 794
1544.13 60.3 1 795
1544.14 60.4 1 796
1544.15 60.5 1 797
1544.16 60.5 1 798
1544.17 60.5 1 799
1544.18 60.5 1 800
1544.19 60.5 1 801
1544.2 60.6 1 802
1544.21 60.7 1 803
1544.22 60.8 1 804
1544.23 60.9 1 805
1544.24 60.9 1 806
1544.25 61 1 807
1544.26 61 1 808
1544.27 61 1 809
1544.28 61 1 810
1544.29 61 1 811
1544.3 61.1 1 812
1544.31 61.1 1 813
1544.32 61.2 1 814
1544.33 61.2 1 815
1544.34 61.2 1 816
1544.35 61.3 1 817
1544.36 61.3 1 818
1544.37 61.3 1 819
1544.38 61.4 1 820
1544.39 61.4 1 821
1544.4 61.5 1 822
1544.41 61.6 1 823
1544.42 61.6 1 824
1544.43 61.7 1 825
1544.44 61.7 1 826
1544.45 61.8 1 827
1544.46 61.9 1 828
1544.47 61.9 1 829
1544.48 62 1 830
1544.49 62.1 1 831
1544.5 62.1 1 832
1544.51 62.2 1 833
1544.52 62.3 1 834
1544.53 62.3 1 835
1544.54 62.3 1 836
1544.55 62.3 1 837
1544.56 62.3 1 838
1544.57 62.3 1 839
1544.58 62.4 1 840
1544.59 62.4 1 841
1544.6 62.4 1 842
1544.61 62.4 1 843
1544.62 62.5 1 844
1544.63 62.5 1 845
1544.64 62.6 1 846
1544.65 62.7 1 847
1544.66 62.8 1 848
1544.67 62.9 1 849
1544.68 62.9 1 850
1544.69 63 1 851
1544.7 63 1 852
1544.71 63 1 853
1544.72 63 1 854
1544.73 63.1 1 855
1544.74 63.1 1 856
1544.75 63.1 1 857
1544.76 63.1 1 858
1544.77 63.1 1 859
1544.78 63.2 1 860
1544.79 63.3 1 861
1544.8 63.3 1 862
1544.81 63.4 1 863
1544.82 63.5 1 864
1544.83 63.6 1 865
1544.84 63.7 1 866
1544.85 63.7 1 867
1544.86 63.8 1 868
1544.87 63.9 1 869
1544.88 64 1 870
1544.89 64.1 1 871
1544.9 64.1 1 872
1544.91 64.2 1 873
1544.92 64.3 1 874
1544.93 64.4 1 875
1544.94 64.4 1 876
1544.95 64.4 1 877
1544.96 64.4 1 878
1544.97 64.5 1 879
1544.98 64.6 1 880
1544.99 64.7 1 881
1545 64.8 1 882
1545.01 64.9 1 883
1545.02 65 1 884
1545.03 65.1 1 885
1545.04 65.1 1 886
1545.05 65.1 1 887
1545.06 65.2 1 888
1545.07 65.3 1 889
1545.08 65.4 1 890
1545.09 65.4 1 891
1545.1 65.5 1 892
1545.11 65.6 1 893
1545.12 65.7 1 894
1545.13 65.8 1 895
1545.14 65.8 1 896
1545.15 65.9 1 897
1545.16 65.9 1 898
1545.17 66 1 899
1545.18 66 1 900
1545.19 66.1 1 901
1545.2 66.2 1 902
1545.21 66.2 1 903
1545.22 66.2 1 904
1545.23 66.2 1 905
1545.24 66.3 1 906
1545.25 66.4 1 907
1545.26 66.4 1 908
1545.27 66.4 1 909
1545.28 66.5 1 910
1545.29 66.6 1 911
1545.3 66.6 1 912
1545.31 66.6 1 913
1545.32 66.6 1 914
1545.33 66.6 1 915
1545.34 66.7 1 916
1545.35 66.8 1 917
1545.36 66.9 1 918
1545.37 66.9 1 919
1545.38 67 1 920
1545.39 67.1 1 921
1545.4 67.2 1 922
1545.41 67.3 1 923
1545.42 67.3 1 924
1545.43 67.3 1 925
1545.44 67.4 1 926
1545.45 67.4 1 927
1545.46 67.5 1 928
1545.47 67.6 1 929
1545.48 67.7 1 930
1545.49 67.7 1 931
1545.5 67.7 1 932
1545.51 67.8 1 933
1545.52 67.9 1 934
1545.53 67.9 1 935
1545.54 68 1 936
1545.55 68 1 937
1545.56 68.1 1 938
1545.57 68.1 1 939
1545.58 68.1 1 940
1545.59 68.1 1 941
1545.6 68.2 1 942
1545.61 68.2 1 943
1545.62 68.2 1 944
1545.63 68.2 1 945
1545.64 68.2 1 946
1545.65 68.2 1 947
1545.66 68.3 1 948
1545.67 68.4 1 949
1545.68 68.4 1 950
1545.69 68.4 1 951
1545.7 68.4 1 952
1545.71 68.4 1 953
1545.72 68.4 1 954
1545.73 68.5 1 955
1545.74 68.6 1 956
1545.75 68.6 1 957
1545.76 68.7 1 958
1545.77 68.8 1 959
1545.78 68.9 1 960
1545.79 68.9 1 961
1545.8 69 1 962
1545.81 69 1 963
1545.82 69 1 964
1545.83 69 1 965
1545.84 69.1 1 966
1545.85 69.2 1 967
1545.86 69.3 1 968
1545.87 69.3 1 969
1545.88 69.4 1 970
1545.89 69.4 1 971
1545.9 69.4 1 972
1545.91 69.5 1 973
1545.92 69.5 1 974
1545.93 69.5 1 975
1545.94 69.6 1 976
1545.95 69.6 1 977
1545.96 69.7 1 978
1545.97 69.8 1 979
1545.98 69.8 1 980
1545.99 69.9 1 981
1546 70 1 982
1546.01 70 1 983
1546.02 70.1 1 984
1546.03 70.1 1 985
1546.04 70.1 1 986
1546.05 70.1 1 987
1546.06 70.1 1 988
1546.07 70.2 1 989
1546.08 70.3 1 990
1546.09 70.3 1 991
1546.1 70.4 1 992
1546.11 70.4 1 993
1546.12 70.4 1 994
1546.13 70.4 1 995
1546.14 70.4 1 996
1546.15 70.5 1 997
1546.16 70.5 1 998
1546.17 70.5 1 999
1546.18 70.6 1 1000
1546.19 70.7 1 1001
1546.2 70.8 1 1002
1546.21 70.8 1 1003
1546.22 70.8 1 1004
1546.23 70.9 1 1005
1546.24 71 1 1006
1546.25 71.1 1 1007
1546.26 71.1 1 1008
1546.27 71.2 1 1009
1546.28 71.2 1 1010
1546.29 71.2 1 1011
1546.3 71.3 1 1012
1546.31 71.4 1 1013
1546.32 71.4 1 1014
1546.33 71.4 1 1015
1546.34 71.5 1 1016
1546.35 71.6 1 1017
1546.36 71.7 1 1018
1546.37 71.7 1 1019
1546.38 71.8 1 1020
1546.39 71.8 1 1021
1546.4 71.9 1 1022
1546.41 72 1 1023
1546.42 72 1 1024
1546.43 72 1 1025
1546.44 72 1 1026
1546.45 72.1 1 1027
1546.46 72.2 1 1028
1546.47 72.3 1 1029
1546.48 72.4 1 1030
1546.49 72.5 1 1031
1546.5 72.6 1 1032
1546.51 72.7 1 1033
1546.52 72.8 1 1034
1546.53 72.8 1 1035
1546.54 72.9 1 1036
1546.55 72.9 1 1037
1546.56 73 1 1038
1546.57 73 1 1039
1546.58 73.1 1 1040
1546.59 73.1 1 1041
1546.6 73.1 1 1042
1546.61 73.2 1 1043
1546.62 73.3 1 1044
1546.63 73.4 1 1045
1546.64 73.5 1 1046
1546.65 73.5 1 1047
1546.66 73.5 1 1048
1546.67 73.5 1 1049
1546.68 73.6 1 1050
1546.69 73.6 1 1051
1546.7 73.7 1 1052
1546.71 73.8 1 1053
1546.72 73.9 1 1054
1546.73 74 1 1055
1546.74 74.1 1 1056
1546.75 74.1 1 1057
1546.76 74.1 1 1058
1546.77 74.1 1 1059
1546.78 74.1 1 1060
1546.79 74.1 1 1061
1546.8 74.1 1 1062
1546.81 74.2 1 1063
1546.82 74.3 1 1064
1546.83 74.4 1 1065
1546.84 74.4 1 1066
1546.85 74.5 1 1067
1546.86 74.5 1 1068
1546.87 74.5 1 1069
1546.88 74.6 1 1070
1546.89 74.6 1 1071
1546.9 74.6 1 1072
1546.91 74.7 1 1073
1546.92 74.8 1 1074
1546.93 74.8 1 1075
1546.94 74.8 1 1076
1546.95 74.8 1 1077
1546.96 74.8 1 1078
1546.97 74.9 1 1079
1546.98 74.9 1 1080
1546.99 75 1 1081
1547 75 1 1082
1547.01 75 1 1083
1547.02 75 1 1084
1547.03 75 1 1085
1547.04 75 1 1086
1547.05 75 1 1087
1547.06 75 1 1088
1547.07 75.1 1 1089
1547.08 75.1 1 1090
1547.09 75.1 1 1091
1547.1 75.2 1 1092
1547.11 75.3 1 1093
1547.12 75.4 1 1094
1547.13 75.5 1 1095
1547.14 75.6 1 1096
1547.15 75.7 1 1097
1547.16 75.8 1 1098
1547.17 75.8 1 1099
1547.18 75.8 1 1100
1547.19 75.8 1 1101
1547.2 75.8 1 1102
1547.21 75.9 1 1103
1547.22 76 1 1104
1547.23 76.1 1 1105
1547.24 76.1 1 1106
1547.25 76.2 1 1107
1547.26 76.3 1 1108
1547.27 76.4 1 1109
1547.28 76.5 1 1110
1547.29 76.6 1 1111
1547.3 76.7 1 1112
1547.31 76.7 1 1113
1547.32 76.7 1 1114
1547.33 76.7 1 1115
1547.34 76.7 1 1116
1547.35 76.8 1 1117
1547.36 76.8 1 1118
1547.37 76.8 1 1119
1547.38 76.8 1 1120
1547.39 76.8 1 1121
1547.4 76.8 1 1122
1547.41 76.8 1 1123
1547.42 76.8 1 1124
1547.43 76.9 1 1125
1547.44 76.9 1 1126
1547.45 77 1 1127
1547.46 77 1 1128
1547.47 77.1 1 1129
1547.48 77.1 1 1130
1547.49 77.2 1 1131
1547.5 77.3 1 1132
1547.51 77.3 1 1133
1547.52 77.4 1 1134
1547.53 77.5 1 1135
1547.54 77.6 1 1136
1547.55 77.6 1 1137
1547.56 77.7 1 1138
1547.57 77.8 1 1139
1547.58 77.9 1 1140
1547.59 77.9 1 1141
1547.6 77.9 1 1142
1547.61 77.9 1 1143
1547.62 78 1 1144
1547.63 78.1 1 1145
1547.64 78.2 1 1146
1547.65 78.2 1 1147
1547.66 78.2 1 1148
1547.67 78.3 1 1149
1547.68 78.4 1 1150
1547.69 78.5 1 1151
1547.7 78.5 1 1152
1547.71 78.6 1 1153
1547.72 78.6 1 1154
1547.73 78.6 1 1155
1547.74 78.6 1 1156
1547.75 78.7 1 1157
1547.76 78.8 1 1158
1547.77 78.8 1 1159
1547.78 78.8 1 1160
1547.79 78.8 1 1161
1547.8 78.8 1 1162
1547.81 78.9 1 1163
1547.82 79 1 1164
1547.83 79 1 1165
1547.84 79 1 1166
1547.85 79 1 1167
1547.86 79.1 1 1168
1547.87 79.1 1 1169
1547.88 79.1 1 1170
1547.89 79.2 1 1171
1547.9 79.3 1 1172
1547.91 79.4 1 1173
1547.92 79.4 1 1174
1547.93 79.5 1 1175
1547.94 79.6 1 1176
1547.95 79.7 1 1177
1547.96 79.7 1 1178
1547.97 79.8 1 1179
1547.98 79.8 1 1180
1547.99 79.8 1 1181
1548 79.9 1 1182
1548.01 79.9 1 1183
1548.02 79.9 1 1184
1548.03 80 1 1185
1548.04 80 1 1186
1548.05 80.1 1 1187
1548.06 80.1 1 1188
1548.07 80.1 1 1189
1548.08 80.1 1 1190
1548.09 80.2 1 1191
1548.1 80.3 1 1192
1548.11 80.3 1 1193
1548.12 80.4 1 1194
1548.13 80.5 1 1195
1548.14 80.5 1 1196
1548.15 80.6 1 1197
1548.16 80.6 1 1198
1548.17 80.6 1 1199
1548.18 80.6 1 1200
1548.19 80.7 1 1201
1548.2 80.7 1 1202
1548.21 80.7 1 1203
1548.22 80.7 1 1204
1548.23 80.8 1 1205
1548.24 80.9 1 1206
1548.25 80.9 1 1207
1548.26 81 1 1208
1548.27 81 1 1209
1548.28 81.1 1 1210
1548.29 81.1 1 1211
1548.3 81.1 1 1212
1548.31 81.2 1 1213
1548.32 81.2 1 1214
1548.33 81.2 1 1215
1548.34 81.2 1 1216
1548.35 81.2 1 1217
1548.36 81.2 1 1218
1548.37 81.2 1 1219
1548.38 81.3 1 1220
1548.39 81.3 1 1221
1548.4 81.3 1 1222
1548.41 81.4 1 1223
1548.42 81.4 1 1224
1548.43 81.4 1 1225
1548.44 81.4 1 1226
1548.45 81.5 1 1227
1548.46 81.6 1 1228
1548.47 81.6 1 1229
1548.48 81.6 1 1230
1548.49 81.7 1 1231
1548.5 81.8 1 1232
1548.51 81.9 1 1233
1548.52 81.9 1 1234
1548.53 81.9 1 1235
1548.54 82 1 1236
1548.55 82 1 1237
1548.56 82.1 1 1238
1548.57 82.2 1 1239
1548.58 82.3 1 1240
1548.59 82.3 1 1241
1548.6 82.4 1 1242
1548.61 82.4 1 1243
1548.62 82.4 1 1244
1548.63 82.4 1 1245
1548.64 82.5 1 1246
1548.65 82.5 1 1247
1548.66 82.6 1 1248
1548.67 82.7 1 1249
1548.68 82.8 1 1250
1548.69 82.8 1 1251
1548.7 82.8 1 1252
1548.71 82.8 1 1253
1548.72 82.8 1 1254
1548.73 82.9 1 1255
1548.74 83 1 1256
1548.75 83 1 1257
1548.76 83.1 1 1258
1548.77 83.2 1 1259
1548.78 83.3 1 1260
1548.79 83.3 1 1261
1548.8 83.4 1 1262
1548.81 83.4 1 1263
1548.82 83.5 1 1264
1548.83 83.6 1 1265
1548.84 83.7 1 1266
1548.85 83.7 1 1267
1548.86 83.8 1 1268
1548.87 83.9 1 1269
1548.88 84 1 1270
1548.89 84 1 1271
1548.9 84.1 1 1272
1548.91 84.2 1 1273
1548.92 84.3 1 1274
1548.93 84.4 1 1275
1548.94 84.5 1 1276
1548.95 84.6 1 1277
1548.96 84.7 1 1278
1548.97 84.7 1 1279
1548.98 84.8 1 1280
1548.99 84.8 1 1281
1549 84.8 1 1282
1549.01 84.9 1 1283
1549.02 84.9 1 1284
1549.03 84.9 1 1285
1549.04 84.9 1 1286
1549.05 85 1 1287
1549.06 85.1 1 1288
1549.07 85.2 1 1289
1549.08 85.2 1 1290
1549.09 85.3 1 1291
1549.1 85.4 1 1292
1549.11 85.5 1 1293
1549.12 85.5 1 1294
1549.13 85.5 1 1295
1549.14 85.5 1 1296
1549.15 85.5 1 1297
1549.16 85.6 1 1298
1549.17 85.7 1 1299
1549.18 85.7 1 1300
1549.19 85.7 1 1301
1549.2 85.8 1 1302
1549.21 85.9 1 1303
1549.22 86 1 1304
1549.23 86.1 1 1305
1549.24 86.2 1 1306
1549.25 86.3 1 1307
1549.26 86.3 1 1308
1549.27 86.3 1 1309
1549.28 86.4 1 1310
1549.29 86.4 1 1311
1549.3 86.4 1 1312
1549.31 86.4 1 1313
1549.32 86.5 1 1314
1549.33 86.5 1 1315
1549.34 86.6 1 1316
1549.35 86.7 1 1317
1549.36 86.7 1 1318
1549.37 86.7 1 1319
1549.38 86.7 1 1320
1549.39 86.8 1 1321
1549.4 86.9 1 1322
1549.41 87 1 1323
1549.42 87.1 1 1324
1549.43 87.1 1 1325
1549.44 87.2 1 1326
1549.45 87.3 1 1327
1549.46 87.3 1 1328
1549.47 87.4 1 1329
1549.48 87.5 1 1330
1549.49 87.6 1 1331
1549.5 87.6 1 1332
1549.51 87.7 1 1333
1549.52 87.8 1 1334
1549.53 87.8 1 1335
1549.54 87.8 1 1336
1549.55 87.8 1 1337
1549.56 87.9 1 1338
1549.57 87.9 1 1339
1549.58 88 1 1340
1549.59 88 1 1341
1549.6 88 1 1342
1549.61 88 1 1343
1549.62 88 1 1344
1549.63 88 1 1345
1549.64 88 1 1346
1549.65 88 1 1347
1549.66 88.1 1 1348
1549.67 88.2 1 1349
1549.68 88.2 1 1350
1549.69 88.2 1 1351
1549.7 88.2 1 1352
1549.71 88.2 1 1353
1549.72 88.2 1 1354
1549.73 88.2 1 1355
1549.74 88.2 1 1356
1549.75 88.3 1 1357
1549.76 88.4 1 1358
1549.77 88.5 1 1359
1549.78 88.5 1 1360
1549.79 88.6 1 1361
1549.8 88.6 1 1362
1549.81 88.7 1 1363
1549.82 88.7 1 1364
1549.83 88.7 1 1365
1549.84 88.8 1 1366
1549.85 88.8 1 1367
1549.86 88.9 1 1368
1549.87 89 1 1369
1549.88 89.1 1 1370
1549.89 89.2 1 1371
1549.9 89.3 1 1372
1549.91 89.4 1 1373
1549.92 89.5 1 1374
1549.93 89.6 1 1375
1549.94 89.6 1 1376
1549.95 89.7 1 1377
1549.96 89.8 1 1378
1549.97 89.9 1 1379
1549.98 89.9 1 1380
1549.99 89.9 1 1381
1550 90 1 1382
1550.01 90 1 1383
1550.02 90.1 1 1384
1550.03 90.1 1 1385
1550.04 90.2 1 1386
1550.05 90.3 1 1387
1550.06 90.4 1 1388
1550.07 90.5 1 1389
1550.08 90.5 1 1390
1550.09 90.5 1 1391
1550.1 90.6 1 1392
1550.11 90.6 1 1393
1550.12 90.7 1 1394
1550.13 90.8 1 1395
1550.14 90.9 1 1396
1550.15 90.9 1 1397
1550.16 91 1 1398
1550.17 91.1 1 1399
1550.18 91.1 1 1400
1550.19 91.1 1 1401
1550.2 91.1 1 1402
1550.21 91.2 1 1403
1550.22 91.2 1 1404
1550.23 91.3 1 1405
1550.24 91.3 1 1406
1550.25 91.4 1 1407
1550.26 91.4 1 1408
1550.27 91.4 1 1409
1550.28 91.5 1 1410
1550.29 91.5 1 1411
1550.3 91.5 1 1412
1550.31 91.6 1 1413
1550.32 91.7 1 1414
1550.33 91.8 1 1415
1550.34 91.8 1 1416
1550.35 91.9 1 1417
1550.36 91.9 1 1418
1550.37 92 1 1419
1550.38 92.1 1 1420
1550.39 92.2 1 1421
1550.4 92.2 1 1422
1550.41 92.3 1 1423
1550.42 92.3 1 1424
1550.43 92.3 1 1425
1550.44 92.4 1 1426
1550.45 92.4 1 1427
1550.46 92.5 1 1428
1550.47 92.6 1 1429
1550.48 92.6 1 1430
1550.49 92.7 1 1431
1550.5 92.7 1 1432
1550.51 92.7 1 1433
1550.52 92.7 1 1434
1550.53 92.7 1 1435
1550.54 92.8 1 1436
1550.55 92.9 1 1437
1550.56 92.9 1 1438
1550.57 93 1 1439
1550.58 93.1 1 1440
1550.59 93.2 1 1441
1550.6 93.3 1 1442
1550.61 93.3 1 1443
1550.62 93.3 1 1444
1550.63 93.3 1 1445
1550.64 93.3 1 1446
1550.65 93.4 1 1447
1550.66 93.4 1 1448
1550.67 93.5 1 1449
1550.68 93.5 1 1450
1550.69 93.5 1 1451
1550.7 93.6 1 1452
1550.71 93.7 1 1453
1550.72 93.8 1 1454
1550.73 93.8 1 1455
1550.74 93.8 1 1456
1550.75 93.9 1 1457
1550.76 93.9 1 1458
1550.77 93.9 1 1459
1550.78 93.9 1 1460
1550.79 93.9 1 1461
1550.8 94 1 1462
1550.81 94.1 1 1463
1550.82 94.2 1 1464
1550.83 94.3 1 1465
1550.84 94.4 1 1466
1550.85 94.5 1 1467
1550.86 94.5 1 1468
1550.87 94.5 1 1469
1550.88 94.6 1 1470
1550.89 94.7 1 1471
1550.9 94.8 1 1472
1550.91 94.8 1 1473
1550.92 94.8 1 1474
1550.93 94.9 1 1475
1550.94 94.9 1 1476
1550.95 95 1 1477
1550.96 95 1 1478
1550.97 95.1 1 1479
