1502 0 1 1
1502.01 0.1 1 2
1502.02 0.2 1 3
1502.03 0.3 1 4
1502.04 0.4 1 5
1502.05 0.5 1 6
1502.06 0.6 1 7
1502.07 0.7 1 8
1502.08 0.8 1 9
1502.09 0.9 1 10
1502.1 1 1 11
1502.11 1.1 1 12
1502.12 1.2 1 13
1502.13 1.3 1 14
1502.14 1.4 1 15
1502.15 1.5 1 16
1502.16 1.6 1 17
1502.17 1.7 1 18
1502.18 1.8 1 19
1502.19 1.9 1 20
1502.2 2 1 21
1502.21 2.1 1 22
1502.22 2.2 1 23
1502.23 2.3 1 24
1502.24 2.4 1 25
1502.25 2.5 1 26
1502.26 2.6 1 27
1502.27 2.7 1 28
1502.28 2.8 1 29
1502.29 2.9 1 30
1502.3 3 1 31
1502.31 3.1 1 32
1502.32 3.2 1 33
1502.33 3.3 1 34
1502.34 3.4 1 35
1502.35 3.5 1 36
1502.36 3.6 1 37
1502.37 3.7 1 38
1502.38 3.8 1 39
1502.39 3.9 1 40
1502.4 4 1 41
1502.41 4.1 1 42
1502.42 4.2 1 43
1502.43 4.3 1 44
1502.44 4.4 1 45
1502.45 4.5 1 46
1502.46 4.6 1 47
1502.47 4.7 1 48
1502.48 4.8 1 49
1502.49 4.9 1 50
1502.5 5 1 51
1502.51 5.1 1 52
1502.52 5.2 1 53
1502.53 5.3 1 54
1502.54 5.4 1 55
1502.55 5.5 1 56
1502.56 5.6 1 57
1502.57 5.7 1 58
1502.58 5.8 1 59
1502.59 5.9 1 60
1502.6 6 1 61
1502.61 6.1 1 62
1502.62 6.2 1 63
1502.63 6.3 1 64
1502.64 6.4 1 65
1502.65 6.5 1 66
1502.66 6.6 1 67
1502.67 6.7 1 68
1502.68 6.8 1 69
1502.69 6.9 1 70
1502.7 7 1 71
1502.71 7.1 1 72
1502.72 7.2 1 73
1502.73 7.3 1 74
1502.74 7.4 1 75
1502.75 7.5 1 76
1502.76 7.6 1 77
1502.77 7.7 1 78
1502.78 7.8 1 79
1502.79 7.9 1 80
1502.8 8 1 81
1502.81 8.1 1 82
1502.82 8.2 1 83
1502.83 8.3 1 84
1502.84 8.4 1 85
1502.85 8.5 1 86
1502.86 8.6 1 87
1502.87 8.7 1 88
1502.88 8.8 1 89
1502.89 8.9 1 90
1502.9 9 1 91
1502.91 9.1 1 92
1502.92 9.2 1 93
1502.93 9.3 1 94
1502.94 9.4 1 95
1502.95 9.5 1 96
1502.96 9.6 1 97
1502.97 9.7 1 98
1502.98 9.8 1 99
1502.99 9.9 1 100
1503 10 1 101
1503.01 10.1 1 102
1503.02 10.2 1 103
1503.03 10.3 1 104
1503.04 10.4 1 105
1503.05 10.5 1 106
1503.06 10.6 1 107
1503.07 10.7 1 108
1503.08 10.8 1 109
1503.09 10.9 1 110
1503.1 11 1 111
1503.11 11.1 1 112
1503.12 11.2 1 113
1503.13 11.3 1 114
1503.14 11.4 1 115
1503.15 11.5 1 116
1503.16 11.6 1 117
1503.17 11.7 1 118
1503.18 11.8 1 119
1503.19 11.9 1 120
1503.2 12 1 121
1503.21 12.1 1 122
1503.22 12.2 1 123
1503.23 12.3 1 124
1503.24 12.4 1 125
1503.25 12.5 1 126
1503.26 12.6 1 127
1503.27 12.7 1 128
1503.28 12.8 1 129
1503.29 12.9 1 130
1503.3 13 1 131
1503.31 13.1 1 132
1503.32 13.2 1 133
1503.33 13.3 1 134
1503.34 13.4 1 135
1503.35 13.5 1 136
1503.36 13.6 1 137
1503.37 13.7 1 138
1503.38 13.8 1 139
1503.39 13.9 1 140
1503.4 14 1 141
1503.41 14.1 1 142
1503.42 14.2 1 143
1503.43 14.3 1 144
1503.44 14.4 1 145
1503.45 14.5 1 146
1503.46 14.6 1 147
1503.47 14.7 1 148
1503.48 14.8 1 149
1503.49 14.9 1 150
1503.5 15 1 151
1503.51 15.1 1 152
1503.52 15.2 1 153
1503.53 15.3 1 154
1503.54 15.4 1 155
1503.55 15.5 1 156
1503.56 15.6 1 157
1503.57 15.7 1 158
1503.58 15.8 1 159
1503.59 15.9 1 160
1503.6 16 1 161
1503.61 16.1 1 162
1503.62 16.2 1 163
1503.63 16.3 1 164
1503.64 16.4 1 165
1503.65 16.5 1 166
1503.66 16.6 1 167
1503.67 16.7 1 168
1503.68 16.8 1 169
1503.69 16.9 1 170
1503.7 17 1 171
1503.71 17.1 1 172
1503.72 17.2 1 173
1503.73 17.3 1 174
1503.74 17.4 1 175
1503.75 17.5 1 176
1503.76 17.6 1 177
1503.77 17.7 1 178
1503.78 17.8 1 179
1503.79 17.9 1 180
1503.8 18 1 181
1503.81 18.1 1 182
1503.82 18.2 1 183
1503.83 18.3 1 184
1503.84 18.4 1 185
1503.85 18.5 1 186
1503.86 18.6 1 187
1503.87 18.7 1 188
1503.88 18.8 1 189
1503.89 18.9 1 190
1503.9 19 1 191
1503.91 19.1 1 192
1503.92 19.2 1 193
1503.93 19.3 1 194
1503.94 19.4 1 195
1503.95 19.5 1 196
1503.96 19.6 1 197
1503.97 19.7 1 198
1503.98 19.8 1 199
1503.99 19.9 1 200
1504 20 1 201
1504.01 20.1 1 202
1504.02 20.2 1 203
1504.03 20.3 1 204
1504.04 20.4 1 205
1504.05 20.5 1 206
1504.06 20.6 1 207
1504.07 20.7 1 208
1504.08 20.8 1 209
1504.09 20.9 1 210
1504.1 21 1 211
1504.11 21.1 1 212
1504.12 21.2 1 213
1504.13 21.3 1 214
1504.14 21.4 1 215
1504.15 21.5 1 216
1504.16 21.6 1 217
1504.17 21.7 1 218
1504.18 21.8 1 219
1504.19 21.9 1 220
1504.2 22 1 221
1504.21 22.1 1 222
1504.22 22.2 1 223
1504.23 22.3 1 224
1504.24 22.4 1 225
1504.25 22.5 1 226
1504.26 22.6 1 227
1504.27 22.7 1 228
1504.28 22.8 1 229
1504.29 22.9 1 230
1504.3 23 1 231
1504.31 23.1 1 232
1504.32 23.2 1 233
1504.33 23.3 1 234
1504.34 23.4 1 235
1504.35 23.5 1 236
1504.36 23.6 1 237
1504.37 23.7 1 238
1504.38 23.8 1 239
1504.39 23.9 1 240
1504.4 24 1 241
1504.41 24.1 1 242
1504.42 24.2 1 243
1504.43 24.3 1 244
1504.44 24.4 1 245
1504.45 24.5 1 246
1504.46 24.6 1 247
1504.47 24.7 1 248
1504.48 24.8 1 249
1504.49 24.9 1 250
1504.5 25 1 251
1504.51 25.1 1 252
1504.52 25.2 1 253
1504.53 25.3 1 254
1504.54 25.4 1 255
1504.55 25.5 1 256
1504.56 25.6 1 257
1504.57 25.7 1 258
1504.58 25.8 1 259
1504.59 25.9 1 260
1504.6 26 1 261
1504.61 26.1 1 262
1504.62 26.2 1 263
1504.63 26.3 1 264
1504.64 26.4 1 265
1504.65 26.5 1 266
1504.66 26.6 1 267
1504.67 26.7 1 268
1504.68 26.8 1 269
1504.69 26.9 1 270
1504.7 27 1 271
1504.71 27.1 1 272
1504.72 27.2 1 273
1504.73 27.3 1 274
1504.74 27.4 1 275
1504.75 27.5 1 276
1504.76 27.6 1 277
1504.77 27.7 1 278
1504.78 27.8 1 279
1504.79 27.9 1 280
1504.8 28 1 281
1504.81 28.1 1 282
1504.82 28.2 1 283
1504.83 28.3 1 284
1504.84 28.4 1 285
1504.85 28.5 1 286
1504.86 28.6 1 287
1504.87 28.7 1 288
1504.88 28.8 1 289
1504.89 28.9 1 290
1504.9 29 1 291
1504.91 29.1 1 292
1504.92 29.2 1 293
1504.93 29.3 1 294
1504.94 29.4 1 295
1504.95 29.5 1 296
1504.96 29.6 1 297
1504.97 29.7 1 298
1504.98 29.8 1 299
1504.99 29.9 1 300
1505 30 1 301
1505.01 30.1 1 302
1505.02 30.2 1 303
1505.03 30.3 1 304
1505.04 30.4 1 305
1505.05 30.5 1 306
1505.06 30.6 1 307
1505.07 30.7 1 308
1505.08 30.8 1 309
1505.09 30.9 1 310
1505.1 31 1 311
1505.11 31.1 1 312
1505.12 31.2 1 313
1505.13 31.3 1 314
1505.14 31.4 1 315
1505.15 31.5 1 316
1505.16 31.6 1 317
1505.17 31.7 1 318
1505.18 31.8 1 319
1505.19 31.9 1 320
1505.2 32 1 321
1505.21 32.1 1 322
1505.22 32.2 1 323
1505.23 32.3 1 324
1505.24 32.4 1 325
1505.25 32.5 1 326
1505.26 32.6 1 327
1505.27 32.7 1 328
1505.28 32.8 1 329
1505.29 32.9 1 330
1505.3 33 1 331
1505.31 33.1 1 332
1505.32 33.2 1 333
1505.33 33.3 1 334
1505.34 33.4 1 335
1505.35 33.5 1 336
1505.36 33.6 1 337
1505.37 33.7 1 338
1505.38 33.8 1 339
1505.39 33.9 1 340
1505.4 34 1 341
1505.41 34.1 1 342
1505.42 34.2 1 343
1505.43 34.3 1 344
1505.44 34.4 1 345
1505.45 34.5 1 346
1505.46 34.6 1 347
1505.47 34.7 1 348
1505.48 34.8 1 349
1505.49 34.9 1 350
1505.5 35 1 351
1505.51 35.1 1 352
1505.52 35.2 1 353
1505.53 35.3 1 354
1505.54 35.4 1 355
1505.55 35.5 1 356
1505.56 35.6 1 357
1505.57 35.7 1 358
1505.58 35.8 1 359
1505.59 35.9 1 360
1505.6 36 1 361
1505.61 36.1 1 362
1505.62 36.2 1 363
1505.63 36.3 1 364
1505.64 36.4 1 365
1505.65 36.5 1 366
1505.66 36.6 1 367
1505.67 36.7 1 368
1505.68 36.8 1 369
1505.69 36.9 1 370
1505.7 37 1 371
1505.71 37.1 1 372
1505.72 37.2 1 373
1505.73 37.3 1 374
1505.74 37.4 1 375
1505.75 37.5 1 376
1505.76 37.6 1 377
1505.77 37.7 1 378
1505.78 37.8 1 379
1505.79 37.9 1 380
1505.8 38 1 381
1505.81 38.1 1 382
1505.82 38.2 1 383
1505.83 38.3 1 384
1505.84 38.4 1 385
1505.85 38.5 1 386
1505.86 38.6 1 387
1505.87 38.7 1 388
1505.88 38.8 1 389
1505.89 38.9 1 390
1505.9 39 1 391
1505.91 39.1 1 392
1505.92 39.2 1 393
1505.93 39.3 1 394
1505.94 39.4 1 395
1505.95 39.5 1 396
1505.96 39.6 1 397
1505.97 39.7 1 398
1505.98 39.8 1 399
1505.99 39.9 1 400
1506 40 1 401
1506.01 40.1 1 402
1506.02 40.2 1 403
1506.03 40.3 1 404
1506.04 40.4 1 405
1506.05 40.5 1 406
1506.06 40.6 1 407
1506.07 40.7 1 408
1506.08 40.8 1 409
1506.09 40.9 1 410
1506.1 41 1 411
1506.11 41.1 1 412
1506.12 41.2 1 413
1506.13 41.3 1 414
1506.14 41.4 1 415
1506.15 41.5 1 416
1506.16 41.6 1 417
1506.17 41.7 1 418
1506.18 41.8 1 419
1506.19 41.9 1 420
1506.2 42 1 421
1506.21 42.1 1 422
1506.22 42.2 1 423
1506.23 42.3 1 424
1506.24 42.4 1 425
1506.25 42.5 1 426
1506.26 42.6 1 427
1506.27 42.7 1 428
1506.28 42.8 1 429
1506.29 42.9 1 430
1506.3 43 1 431
1506.31 43.1 1 432
1506.32 43.2 1 433
1506.33 43.3 1 434
1506.34 43.4 1 435
1506.35 43.5 1 436
1506.36 43.6 1 437
1506.37 43.7 1 438
1506.38 43.8 1 439
1506.39 43.9 1 440
1506.4 44 1 441
1506.41 44.1 1 442
1506.42 44.2 1 443
1506.43 44.3 1 444
1506.44 44.4 1 445
1506.45 44.5 1 446
1506.46 44.6 1 447
1506.47 44.7 1 448
1506.48 44.8 1 449
1506.49 44.9 1 450
1506.5 45 1 451
1506.51 45.1 1 452
1506.52 45.2 1 453
1506.53 45.3 1 454
1506.54 45.4 1 455
1506.55 45.5 1 456
1506.56 45.6 1 457
1506.57 45.7 1 458
1506.58 45.8 1 459
1506.59 45.9 1 460
1506.6 46 1 461
1506.61 46.1 1 462
1506.62 46.2 1 463
1506.63 46.3 1 464
1506.64 46.4 1 465
1506.65 46.5 1 466
1506.66 46.6 1 467
1506.67 46.7 1 468
1506.68 46.8 1 469
1506.69 46.9 1 470
1506.7 47 1 471
1506.71 47.1 1 472
1506.72 47.2 1 473
1506.73 47.3 1 474
1506.74 47.4 1 475
1506.75 47.5 1 476
1506.76 47.6 1 477
1506.77 47.7 1 478
1506.78 47.8 1 479
1506.79 47.9 1 480
1506.8 48 1 481
1506.81 48.1 1 482
1506.82 48.2 1 483
1506.83 48.3 1 484
1506.84 48.4 1 485
1506.85 48.5 1 486
1506.86 48.6 1 487
1506.87 48.7 1 488
1506.88 48.8 1 489
1506.89 48.9 1 490
1506.9 49 1 491
1506.91 49.1 1 492
1506.92 49.2 1 493
1506.93 49.3 1 494
1506.94 49.4 1 495
1506.95 49.5 1 496
1506.96 49.6 1 497
1506.97 49.7 1 498
1506.98 49.8 1 499
1506.99 49.9 1 500
1507 50 1 501
1507.01 50.1 1 502
1507.02 50.2 1 503
1507.03 50.3 1 504
1507.04 50.4 1 505
1507.05 50.5 1 506
1507.06 50.6 1 507
1507.07 50.7 1 508
1507.08 50.8 1 509
1507.09 50.9 1 510
1507.1 51 1 511
1507.11 51.1 1 512
1507.12 51.2 1 513
1507.13 51.3 1 514
1507.14 51.4 1 515
1507.15 51.5 1 516
1507.16 51.6 1 517
1507.17 51.7 1 518
1507.18 51.8 1 519
1507.19 51.9 1 520
1507.2 52 1 521
1507.21 52.1 1 522
1507.22 52.2 1 523
1507.23 52.3 1 524
1507.24 52.4 1 525
1507.25 52.5 1 526
1507.26 52.6 1 527
1507.27 52.7 1 528
1507.28 52.8 1 529
1507.29 52.9 1 530
1507.3 53 1 531
1507.31 53.1 1 532
1507.32 53.2 1 533
1507.33 53.3 1 534
1507.34 53.4 1 535
1507.35 53.5 1 536
1507.36 53.6 1 537
1507.37 53.7 1 538
1507.38 53.8 1 539
1507.39 53.9 1 540
1507.4 54 1 541
1507.41 54.1 1 542
1507.42 54.2 1 543
1507.43 54.3 1 544
1507.44 54.4 1 545
1507.45 54.5 1 546
1507.46 54.6 1 547
1507.47 54.7 1 548
1507.48 54.8 1 549
1507.49 54.9 1 550
1507.5 55 1 551
1507.51 55.1 1 552
1507.52 55.2 1 553
1507.53 55.3 1 554
1507.54 55.4 1 555
1507.55 55.5 1 556
1507.56 55.6 1 557
1507.57 55.7 1 558
1507.58 55.8 1 559
1507.59 55.9 1 560
1507.6 56 1 561
1507.61 56.1 1 562
1507.62 56.2 1 563
1507.63 56.3 1 564
1507.64 56.4 1 565
1507.65 56.5 1 566
1507.66 56.6 1 567
1507.67 56.7 1 568
1507.68 56.8 1 569
1507.69 56.9 1 570
1507.7 57 1 571
1507.71 57.1 1 572
1507.72 57.2 1 573
1507.73 57.3 1 574
1507.74 57.4 1 575
1507.75 57.5 1 576
1507.76 57.6 1 577
1507.77 57.7 1 578
1507.78 57.8 1 579
1507.79 57.9 1 580
1507.8 58 1 581
1507.81 58.1 1 582
1507.82 58.2 1 583
1507.83 58.3 1 584
1507.84 58.4 1 585
1507.85 58.5 1 586
1507.86 58.6 1 587
1507.87 58.7 1 588
1507.88 58.8 1 589
1507.89 58.9 1 590
1507.9 59 1 591
1507.91 59.1 1 592
1507.92 59.2 1 593
1507.93 59.3 1 594
1507.94 59.4 1 595
1507.95 59.5 1 596
1507.96 59.6 1 597
1507.97 59.7 1 598
1507.98 59.8 1 599
1507.99 59.9 1 600
1508 60 1 601
1508.01 60.1 1 602
1508.02 60.2 1 603
1508.03 60.3 1 604
1508.04 60.4 1 605
1508.05 60.5 1 606
1508.06 60.6 1 607
1508.07 60.7 1 608
1508.08 60.8 1 609
1508.09 60.9 1 610
1508.1 61 1 611
1508.11 61.1 1 612
1508.12 61.2 1 613
1508.13 61.3 1 614
1508.14 61.4 1 615
1508.15 61.5 1 616
1508.16 61.6 1 617
1508.17 61.7 1 618
1508.18 61.8 1 619
1508.19 61.9 1 620
1508.2 62 1 621
1508.21 62.1 1 622
1508.22 62.2 1 623
1508.23 62.3 1 624
1508.24 62.4 1 625
1508.25 62.5 1 626
1508.26 62.6 1 627
1508.27 62.7 1 628
1508.28 62.8 1 629
1508.29 62.9 1 630
1508.3 63 1 631
1508.31 63.1 1 632
1508.32 63.2 1 633
1508.33 63.3 1 634
1508.34 63.4 1 635
1508.35 63.5 1 636
1508.36 63.6 1 637
1508.37 63.7 1 638
1508.38 63.8 1 639
1508.39 63.9 1 640
1508.4 64 1 641
1508.41 64.1 1 642
1508.42 64.2 1 643
1508.43 64.3 1 644
1508.44 64.4 1 645
1508.45 64.5 1 646
1508.46 64.6 1 647
1508.47 64.7 1 648
1508.48 64.8 1 649
1508.49 64.9 1 650
1508.5 65 1 651
1508.51 65.1 1 652
1508.52 65.2 1 653
1508.53 65.3 1 654
1508.54 65.4 1 655
1508.55 65.5 1 656
1508.56 65.6 1 657
1508.57 65.7 1 658
1508.58 65.8 1 659
1508.59 65.9 1 660
1508.6 66 1 661
1508.61 66.1 1 662
1508.62 66.2 1 663
1508.63 66.3 1 664
1508.64 66.4 1 665
1508.65 66.5 1 666
1508.66 66.6 1 667
1508.67 66.7 1 668
1508.68 66.8 1 669
1508.69 66.9 1 670
1508.7 67 1 671
1508.71 67.1 1 672
1508.72 67.2 1 673
1508.73 67.3 1 674
1508.74 67.4 1 675
1508.75 67.5 1 676
1508.76 67.6 1 677
1508.77 67.7 1 678
1508.78 67.8 1 679
1508.79 67.9 1 680
1508.8 68 1 681
1508.81 68.1 1 682
1508.82 68.2 1 683
1508.83 68.3 1 684
1508.84 68.4 1 685
1508.85 68.5 1 686
1508.86 68.6 1 687
1508.87 68.7 1 688
1508.88 68.8 1 689
1508.89 68.9 1 690
1508.9 69 1 691
1508.91 69.1 1 692
1508.92 69.2 1 693
1508.93 69.3 1 694
1508.94 69.4 1 695
1508.95 69.5 1 696
1508.96 69.6 1 697
1508.97 69.7 1 698
1508.98 69.8 1 699
1508.99 69.9 1 700
1509 70 1 701
1509.01 70.1 1 702
1509.02 70.2 1 703
1509.03 70.3 1 704
1509.04 70.4 1 705
1509.05 70.5 1 706
1509.06 70.6 1 707
1509.07 70.7 1 708
1509.08 70.8 1 709
1509.09 70.9 1 710
1509.1 71 1 711
1509.11 71.1 1 712
1509.12 71.2 1 713
1509.13 71.3 1 714
1509.14 71.4 1 715
1509.15 71.5 1 716
1509.16 71.6 1 717
1509.17 71.7 1 718
1509.18 71.8 1 719
1509.19 71.9 1 720
1509.2 72 1 721
1509.21 72.1 1 722
1509.22 72.2 1 723
1509.23 72.3 1 724
1509.24 72.4 1 725
1509.25 72.5 1 726
1509.26 72.6 1 727
1509.27 72.7 1 728
1509.28 72.8 1 729
1509.29 72.9 1 730
1509.3 73 1 731
1509.31 73.1 1 732
1509.32 73.2 1 733
1509.33 73.3 1 734
1509.34 73.4 1 735
1509.35 73.5 1 736
1509.36 73.6 1 737
1509.37 73.7 1 738
1509.38 73.8 1 739
1509.39 73.9 1 740
1509.4 74 1 741
1509.41 74.1 1 742
1509.42 74.2 1 743
1509.43 74.3 1 744
1509.44 74.4 1 745
1509.45 74.5 1 746
1509.46 74.6 1 747
1509.47 74.7 1 748
1509.48 74.8 1 749
1509.49 74.9 1 750
1509.5 75 1 751
1509.51 75.1 1 752
1509.52 75.2 1 753
1509.53 75.3 1 754
1509.54 75.4 1 755
1509.55 75.5 1 756
1509.56 75.6 1 757
1509.57 75.7 1 758
1509.58 75.8 1 759
1509.59 75.9 1 760
1509.6 76 1 761
1509.61 76.1 1 762
1509.62 76.2 1 763
1509.63 76.3 1 764
1509.64 76.4 1 765
1509.65 76.5 1 766
1509.66 76.6 1 767
1509.67 76.7 1 768
1509.68 76.8 1 769
1509.69 76.9 1 770
1509.7 77 1 771
1509.71 77.1 1 772
1509.72 77.2 1 773
1509.73 77.3 1 774
1509.74 77.4 1 775
1509.75 77.5 1 776
1509.76 77.6 1 777
1509.77 77.7 1 778
1509.78 77.8 1 779
1509.79 77.9 1 780
1509.8 78 1 781
1509.81 78.1 1 782
1509.82 78.2 1 783
1509.83 78.3 1 784
1509.84 78.4 1 785
1509.85 78.5 1 786
1509.86 78.6 1 787
1509.87 78.7 1 788
1509.88 78.8 1 789
1509.89 78.9 1 790
1509.9 79 1 791
1509.91 79.1 1 792
1509.92 79.2 1 793
1509.93 79.3 1 794
1509.94 79.4 1 795
1509.95 79.5 1 796
1509.96 79.6 1 797
1509.97 79.7 1 798
1509.98 79.8 1 799
1509.99 79.9 1 800
1510 80 1 801
1510.01 80.1 1 802
1510.02 80.2 1 803
1510.03 80.3 1 804
1510.04 80.4 1 805
1510.05 80.5 1 806
1510.06 80.6 1 807
1510.07 80.7 1 808
1510.08 80.8 1 809
1510.09 80.9 1 810
1510.1 81 1 811
1510.11 81.1 1 812
1510.12 81.2 1 813
1510.13 81.3 1 814
1510.14 81.4 1 815
1510.15 81.5 1 816
1510.16 81.6 1 817
1510.17 81.7 1 818
1510.18 81.8 1 819
1510.19 81.9 1 820
1510.2 82 1 821
1510.21 82.1 1 822
1510.22 82.2 1 823
1510.23 82.3 1 824
1510.24 82.4 1 825
1510.25 82.5 1 826
1510.26 82.6 1 827
1510.27 82.7 1 828
1510.28 82.8 1 829
1510.29 82.9 1 830
1510.3 83 1 831
1510.31 83.1 1 832
1510.32 83.2 1 833
1510.33 83.3 1 834
1510.34 83.4 1 835
1510.35 83.5 1 836
1510.36 83.6 1 837
1510.37 83.7 1 838
1510.38 83.8 1 839
1510.39 83.9 1 840
1510.4 84 1 841
1510.41 84.1 1 842
1510.42 84.2 1 843
1510.43 84.3 1 844
1510.44 84.4 1 845
1510.45 84.5 1 846
1510.46 84.6 1 847
1510.47 84.7 1 848
1510.48 84.8 1 849
1510.49 84.9 1 850
1510.5 85 1 851
1510.51 85.1 1 852
1510.52 85.2 1 853
1510.53 85.3 1 854
1510.54 85.4 1 855
1510.55 85.5 1 856
1510.56 85.6 1 857
1510.57 85.7 1 858
1510.58 85.8 1 859
1510.59 85.9 1 860
1510.6 86 1 861
1510.61 86.1 1 862
1510.62 86.2 1 863
1510.63 86.3 1 864
1510.64 86.4 1 865
1510.65 86.5 1 866
1510.66 86.6 1 867
1510.67 86.7 1 868
1510.68 86.8 1 869
1510.69 86.9 1 870
1510.7 87 1 871
1510.71 87.1 1 872
1510.72 87.2 1 873
1510.73 87.3 1 874
1510.74 87.4 1 875
1510.75 87.5 1 876
1510.76 87.6 1 877
1510.77 87.7 1 878
1510.78 87.8 1 879
1510.79 87.9 1 880
1510.8 88 1 881
1510.81 88.1 1 882
1510.82 88.2 1 883
1510.83 88.3 1 884
1510.84 88.4 1 885
1510.85 88.5 1 886
1510.86 88.6 1 887
1510.87 88.7 1 888
1510.88 88.8 1 889
1510.89 88.9 1 890
1510.9 89 1 891
1510.91 89.1 1 892
1510.92 89.2 1 893
1510.93 89.3 1 894
1510.94 89.4 1 895
1510.95 89.5 1 896
1510.96 89.6 1 897
1510.97 89.7 1 898
1510.98 89.8 1 899
1510.99 89.9 1 900
1511 90 1 901
1511.01 90.1 1 902
1511.02 90.2 1 903
1511.03 90.3 1 904
1511.04 90.4 1 905
1511.05 90.5 1 906
1511.06 90.6 1 907
1511.07 90.7 1 908
1511.08 90.8 1 909
1511.09 90.9 1 910
1511.1 91 1 911
1511.11 91.1 1 912
1511.12 91.2 1 913
1511.13 91.3 1 914
1511.14 91.4 1 915
1511.15 91.5 1 916
1511.16 91.6 1 917
1511.17 91.7 1 918
1511.18 91.8 1 919
1511.19 91.9 1 920
1511.2 92 1 921
1511.21 92.1 1 922
1511.22 92.2 1 923
1511.23 92.3 1 924
1511.24 92.4 1 925
1511.25 92.5 1 926
1511.26 92.6 1 927
1511.27 92.7 1 928
1511.28 92.8 1 929
1511.29 92.9 1 930
1511.3 93 1 931
1511.31 93.1 1 932
1511.32 93.2 1 933
1511.33 93.3 1 934
1511.34 93.4 1 935
1511.35 93.5 1 936
1511.36 93.6 1 937
1511.37 93.7 1 938
1511.38 93.8 1 939
1511.39 93.9 1 940
1511.4 94 1 941
1511.41 94.1 1 942
1511.42 94.2 1 943
1511.43 94.3 1 944
1511.44 94.4 1 945
1511.45 94.5 1 946
1511.46 94.6 1 947
1511.47 94.7 1 948
1511.48 94.8 1 949
1511.49 94.9 1 950
1511.5 95 1 951
1511.51 95.1 1 952
