1502.01 0 2 1
1502.01 0.1 2 2
1502.01 0.2 2 3
1502.02 0.3 2 4
1502.02 0.4 2 5
1502.02 0.5 2 6
1502.02 0.6 2 7
1502.02 0.7 2 8
1502.03 0.8 2 9
1502.03 0.9 2 10
1502.03 1 2 11
1502.03 1.1 2 12
1502.03 1.2 2 13
1502.03 1.3 2 14
1502.04 1.4 2 15
1502.04 1.5 2 16
1502.04 1.6 2 17
1502.04 1.7 2 18
1502.04 1.8 2 19
1502.05 1.9 2 20
1502.05 2 2 21
1502.05 2.1 2 22
1502.05 2.2 2 23
1502.05 2.3 2 24
1502.05 2.4 2 25
1502.05 2.5 2 26
1502.06 2.6 2 27
1502.06 2.7 2 28
1502.06 2.8 2 29
1502.06 2.9 2 30
1502.06 3 2 31
1502.07 3.1 2 32
1502.07 3.2 2 33
1502.07 3.3 2 34
1502.07 3.4 2 35
1502.07 3.5 2 36
1502.07 3.6 2 37
1502.08 3.7 2 38
1502.08 3.8 2 39
1502.08 3.9 2 40
1502.08 4 2 41
1502.08 4.1 2 42
1502.08 4.2 2 43
1502.08 4.3 2 44
1502.09 4.4 2 45
1502.09 4.5 2 46
1502.09 4.6 2 47
1502.09 4.7 2 48
1502.1 4.8 2 49
1502.1 4.9 2 50
1502.1 5 2 51
1502.1 5.1 2 52
1502.1 5.2 2 53
1502.11 5.2 2 54
1502.11 5.3 2 55
1502.11 5.4 2 56
1502.11 5.5 2 57
1502.12 5.6 2 58
1502.12 5.7 2 59
1502.12 5.8 2 60
1502.12 5.9 2 61
1502.12 6 2 62
1502.13 6.1 2 63
1502.13 6.2 2 64
1502.13 6.3 2 65
1502.13 6.4 2 66
1502.13 6.5 2 67
1502.13 6.6 2 68
1502.14 6.7 2 69
1502.14 6.8 2 70
1502.14 6.9 2 71
1502.14 7 2 72
1502.14 7.1 2 73
1502.14 7.1 2 74
1502.14 7.2 2 75
1502.15 7.3 2 76
1502.15 7.4 2 77
1502.15 7.5 2 78
1502.15 7.6 2 79
1502.15 7.7 2 80
1502.15 7.8 2 81
1502.16 7.9 2 82
1502.16 7.9 2 83
1502.16 8 2 84
1502.16 8.1 2 85
1502.16 8.2 2 86
1502.16 8.3 2 87
1502.16 8.4 2 88
1502.17 8.5 2 89
1502.17 8.6 2 90
1502.17 8.7 2 91
1502.17 8.7 2 92
1502.17 8.8 2 93
1502.17 8.9 2 94
1502.18 9 2 95
1502.18 9 2 96
1502.18 9.1 2 97
1502.18 9.2 2 98
1502.18 9.3 2 99
1502.18 9.4 2 100
1502.18 9.5 2 101
1502.19 9.6 2 102
1502.19 9.7 2 103
1502.19 9.8 2 104
1502.19 9.9 2 105
1502.19 9.9 2 106
1502.2 10 2 107
1502.2 10 2 108
1502.2 10.1 2 109
1502.2 10.2 2 110
1502.2 10.3 2 111
1502.21 10.4 2 112
1502.21 10.5 2 113
1502.21 10.6 2 114
1502.21 10.6 2 115
1502.21 10.7 2 116
1502.22 10.8 2 117
1502.22 10.9 2 118
1502.22 11 2 119
1502.22 11.1 2 120
1502.22 11.2 2 121
1502.23 11.3 2 122
1502.23 11.4 2 123
1502.23 11.5 2 124
1502.23 11.6 2 125
1502.23 11.7 2 126
1502.23 11.8 2 127
1502.23 11.9 2 128
1502.24 12 2 129
1502.24 12.1 2 130
1502.24 12.2 2 131
1502.24 12.3 2 132
1502.25 12.4 2 133
1502.25 12.5 2 134
1502.25 12.6 2 135
1502.25 12.7 2 136
1502.25 12.8 2 137
1502.25 12.9 2 138
1502.26 13 2 139
1502.26 13.1 2 140
1502.26 13.2 2 141
1502.26 13.3 2 142
1502.26 13.4 2 143
1502.27 13.5 2 144
1502.27 13.6 2 145
1502.27 13.7 2 146
1502.27 13.8 2 147
1502.27 13.9 2 148
1502.27 14 2 149
1502.28 14.1 2 150
1502.28 14.2 2 151
1502.28 14.3 2 152
1502.28 14.4 2 153
1502.28 14.5 2 154
1502.28 14.6 2 155
1502.29 14.7 2 156
1502.29 14.8 2 157
1502.29 14.9 2 158
1502.29 15 2 159
1502.29 15.1 2 160
1502.29 15.2 2 161
1502.29 15.3 2 162
1502.3 15.4 2 163
1502.3 15.5 2 164
1502.3 15.6 2 165
1502.3 15.6 2 166
1502.3 15.7 2 167
1502.3 15.8 2 168
1502.31 15.9 2 169
1502.31 16 2 170
1502.31 16.1 2 171
1502.31 16.2 2 172
1502.31 16.3 2 173
1502.32 16.4 2 174
1502.32 16.5 2 175
1502.32 16.6 2 176
1502.32 16.7 2 177
1502.32 16.8 2 178
1502.33 16.9 2 179
1502.33 17 2 180
1502.33 17.1 2 181
1502.33 17.2 2 182
1502.33 17.3 2 183
1502.33 17.4 2 184
1502.33 17.5 2 185
1502.34 17.6 2 186
1502.34 17.6 2 187
1502.34 17.7 2 188
1502.34 17.7 2 189
1502.35 17.8 2 190
1502.35 17.9 2 191
1502.35 18 2 192
1502.35 18.1 2 193
1502.35 18.2 2 194
1502.35 18.3 2 195
1502.36 18.4 2 196
1502.36 18.4 2 197
1502.36 18.5 2 198
1502.37 18.6 2 199
1502.37 18.7 2 200
1502.37 18.8 2 201
1502.37 18.9 2 202
1502.37 19 2 203
1502.37 19.1 2 204
1502.38 19.2 2 205
1502.38 19.3 2 206
1502.38 19.4 2 207
1502.38 19.5 2 208
1502.38 19.6 2 209
1502.39 19.7 2 210
1502.39 19.8 2 211
1502.39 19.9 2 212
1502.39 20 2 213
1502.39 20.1 2 214
1502.39 20.1 2 215
1502.4 20.2 2 216
1502.4 20.3 2 217
1502.4 20.4 2 218
1502.4 20.5 2 219
1502.4 20.6 2 220
1502.4 20.7 2 221
1502.4 20.8 2 222
1502.41 20.9 2 223
1502.41 21 2 224
1502.41 21 2 225
1502.41 21.1 2 226
1502.41 21.2 2 227
1502.41 21.3 2 228
1502.42 21.4 2 229
1502.42 21.4 2 230
1502.42 21.4 2 231
1502.42 21.5 2 232
1502.42 21.6 2 233
1502.42 21.7 2 234
1502.43 21.8 2 235
1502.43 21.9 2 236
1502.43 22 2 237
1502.43 22.1 2 238
1502.43 22.2 2 239
1502.43 22.3 2 240
1502.44 22.4 2 241
1502.44 22.5 2 242
1502.44 22.6 2 243
1502.44 22.7 2 244
1502.44 22.8 2 245
1502.44 22.9 2 246
1502.45 23 2 247
1502.45 23.1 2 248
1502.45 23.2 2 249
1502.45 23.2 2 250
1502.45 23.3 2 251
1502.46 23.4 2 252
1502.46 23.5 2 253
1502.46 23.6 2 254
1502.46 23.6 2 255
1502.46 23.6 2 256
1502.46 23.7 2 257
1502.46 23.7 2 258
1502.47 23.8 2 259
1502.47 23.9 2 260
1502.47 24 2 261
1502.47 24.1 2 262
1502.47 24.2 2 263
1502.47 24.3 2 264
1502.48 24.4 2 265
1502.48 24.5 2 266
1502.48 24.6 2 267
1502.48 24.7 2 268
1502.48 24.8 2 269
1502.48 24.9 2 270
1502.49 25 2 271
1502.49 25 2 272
1502.49 25.1 2 273
1502.49 25.1 2 274
1502.49 25.2 2 275
1502.5 25.3 2 276
1502.5 25.4 2 277
1502.5 25.4 2 278
1502.5 25.5 2 279
1502.5 25.6 2 280
1502.5 25.7 2 281
1502.51 25.8 2 282
1502.51 25.9 2 283
1502.51 26 2 284
1502.51 26 2 285
1502.52 26.1 2 286
1502.52 26.2 2 287
1502.52 26.3 2 288
1502.52 26.4 2 289
1502.52 26.5 2 290
1502.53 26.5 2 291
1502.53 26.6 2 292
1502.53 26.7 2 293
1502.53 26.7 2 294
1502.53 26.8 2 295
1502.54 26.8 2 296
1502.54 26.9 2 297
1502.54 27 2 298
1502.54 27.1 2 299
1502.54 27.1 2 300
1502.54 27.2 2 301
1502.55 27.3 2 302
1502.55 27.4 2 303
1502.55 27.4 2 304
1502.55 27.5 2 305
1502.55 27.6 2 306
1502.55 27.6 2 307
1502.56 27.6 2 308
1502.56 27.6 2 309
1502.56 27.7 2 310
1502.56 27.8 2 311
1502.56 27.8 2 312
1502.56 27.9 2 313
1502.56 27.9 2 314
1502.57 28 2 315
1502.57 28 2 316
1502.57 28.1 2 317
1502.57 28.2 2 318
1502.57 28.3 2 319
1502.57 28.4 2 320
1502.58 28.5 2 321
1502.58 28.5 2 322
1502.58 28.6 2 323
1502.58 28.6 2 324
1502.58 28.7 2 325
1502.58 28.7 2 326
1502.59 28.8 2 327
1502.59 28.9 2 328
1502.59 29 2 329
1502.59 29.1 2 330
1502.59 29.1 2 331
1502.59 29.2 2 332
1502.6 29.3 2 333
1502.6 29.3 2 334
1502.6 29.4 2 335
1502.6 29.5 2 336
1502.6 29.6 2 337
1502.6 29.7 2 338
1502.61 29.8 2 339
1502.61 29.9 2 340
1502.61 30 2 341
1502.61 30.1 2 342
1502.61 30.1 2 343
1502.61 30.2 2 344
1502.62 30.3 2 345
1502.62 30.4 2 346
1502.62 30.5 2 347
1502.62 30.6 2 348
1502.62 30.7 2 349
1502.63 30.8 2 350
1502.63 30.9 2 351
1502.63 30.9 2 352
1502.63 31 2 353
1502.63 31.1 2 354
1502.63 31.2 2 355
1502.63 31.3 2 356
1502.64 31.3 2 357
1502.64 31.4 2 358
1502.64 31.5 2 359
1502.64 31.6 2 360
1502.64 31.7 2 361
1502.65 31.7 2 362
1502.65 31.8 2 363
1502.65 31.9 2 364
1502.65 31.9 2 365
1502.65 31.9 2 366
1502.65 32 2 367
1502.65 32.1 2 368
1502.66 32.2 2 369
1502.66 32.2 2 370
1502.66 32.3 2 371
1502.66 32.3 2 372
1502.66 32.4 2 373
1502.67 32.5 2 374
1502.67 32.6 2 375
1502.67 32.7 2 376
1502.67 32.8 2 377
1502.67 32.8 2 378
1502.68 32.9 2 379
1502.68 33 2 380
1502.68 33.1 2 381
1502.68 33.1 2 382
1502.68 33.2 2 383
1502.68 33.3 2 384
1502.69 33.4 2 385
1502.69 33.5 2 386
1502.69 33.5 2 387
1502.69 33.5 2 388
1502.69 33.6 2 389
1502.69 33.7 2 390
1502.69 33.8 2 391
1502.7 33.9 2 392
1502.7 34 2 393
1502.7 34.1 2 394
1502.7 34.2 2 395
1502.7 34.2 2 396
1502.71 34.2 2 397
1502.71 34.3 2 398
1502.71 34.3 2 399
1502.71 34.4 2 400
1502.71 34.5 2 401
1502.72 34.6 2 402
1502.72 34.7 2 403
1502.72 34.8 2 404
1502.72 34.9 2 405
1502.72 34.9 2 406
1502.73 35 2 407
1502.73 35.1 2 408
1502.73 35.2 2 409
1502.73 35.3 2 410
1502.73 35.4 2 411
1502.73 35.5 2 412
1502.74 35.5 2 413
1502.74 35.5 2 414
1502.74 35.6 2 415
1502.74 35.7 2 416
1502.74 35.8 2 417
1502.75 35.9 2 418
1502.75 36 2 419
1502.75 36.1 2 420
1502.75 36.2 2 421
1502.75 36.3 2 422
1502.75 36.4 2 423
1502.76 36.4 2 424
1502.76 36.5 2 425
1502.76 36.6 2 426
1502.76 36.7 2 427
1502.77 36.8 2 428
1502.77 36.9 2 429
1502.77 37 2 430
1502.77 37.1 2 431
1502.77 37.2 2 432
1502.77 37.3 2 433
1502.78 37.3 2 434
1502.78 37.4 2 435
1502.78 37.5 2 436
1502.78 37.6 2 437
1502.78 37.7 2 438
1502.79 37.8 2 439
1502.79 37.9 2 440
1502.79 37.9 2 441
1502.79 37.9 2 442
1502.79 38 2 443
1502.8 38.1 2 444
1502.8 38.2 2 445
1502.8 38.3 2 446
1502.8 38.4 2 447
1502.8 38.5 2 448
1502.8 38.6 2 449
1502.8 38.7 2 450
1502.81 38.7 2 451
1502.81 38.8 2 452
1502.81 38.8 2 453
1502.81 38.9 2 454
1502.81 38.9 2 455
1502.81 38.9 2 456
1502.82 39 2 457
1502.82 39.1 2 458
1502.82 39.2 2 459
1502.82 39.3 2 460
1502.82 39.4 2 461
1502.82 39.5 2 462
1502.83 39.5 2 463
1502.83 39.6 2 464
1502.83 39.7 2 465
1502.83 39.7 2 466
1502.83 39.8 2 467
1502.84 39.8 2 468
1502.84 39.8 2 469
1502.84 39.8 2 470
1502.84 39.9 2 471
1502.84 40 2 472
1502.84 40.1 2 473
1502.84 40.1 2 474
1502.85 40.2 2 475
1502.85 40.3 2 476
1502.85 40.4 2 477
1502.85 40.5 2 478
1502.85 40.5 2 479
1502.85 40.5 2 480
1502.86 40.5 2 481
1502.86 40.6 2 482
1502.86 40.7 2 483
1502.86 40.7 2 484
1502.86 40.8 2 485
1502.86 40.9 2 486
1502.86 40.9 2 487
1502.87 41 2 488
1502.87 41.1 2 489
1502.87 41.1 2 490
1502.87 41.1 2 491
1502.87 41.2 2 492
1502.87 41.2 2 493
1502.88 41.3 2 494
1502.88 41.3 2 495
1502.88 41.3 2 496
1502.88 41.4 2 497
1502.88 41.5 2 498
1502.89 41.6 2 499
1502.89 41.6 2 500
1502.89 41.7 2 501
1502.89 41.7 2 502
1502.89 41.7 2 503
1502.9 41.8 2 504
1502.9 41.8 2 505
1502.9 41.8 2 506
1502.9 41.8 2 507
1502.9 41.8 2 508
1502.9 41.9 2 509
1502.91 41.9 2 510
1502.91 42 2 511
1502.91 42.1 2 512
1502.91 42.2 2 513
1502.91 42.2 2 514
1502.91 42.3 2 515
1502.92 42.3 2 516
1502.92 42.4 2 517
1502.92 42.4 2 518
1502.92 42.5 2 519
1502.92 42.6 2 520
1502.92 42.6 2 521
1502.93 42.7 2 522
1502.93 42.8 2 523
1502.93 42.9 2 524
1502.93 43 2 525
1502.93 43.1 2 526
1502.93 43.1 2 527
1502.94 43.1 2 528
1502.94 43.2 2 529
1502.94 43.2 2 530
1502.94 43.3 2 531
1502.94 43.3 2 532
1502.95 43.4 2 533
1502.95 43.5 2 534
1502.95 43.6 2 535
1502.95 43.7 2 536
1502.95 43.7 2 537
1502.95 43.8 2 538
1502.96 43.9 2 539
1502.96 43.9 2 540
1502.96 43.9 2 541
1502.96 44 2 542
1502.96 44.1 2 543
1502.96 44.2 2 544
1502.96 44.3 2 545
1502.97 44.4 2 546
1502.97 44.4 2 547
1502.97 44.5 2 548
1502.97 44.6 2 549
1502.97 44.6 2 550
1502.98 44.7 2 551
1502.98 44.7 2 552
1502.98 44.7 2 553
1502.98 44.8 2 554
1502.99 44.8 2 555
1502.99 44.9 2 556
1502.99 44.9 2 557
1502.99 44.9 2 558
1502.99 45 2 559
1502.99 45 2 560
1503 45 2 561
1503 45.1 2 562
1503 45.2 2 563
1503 45.3 2 564
1503 45.3 2 565
1503 45.4 2 566
1503 45.5 2 567
1503.01 45.5 2 568
1503.01 45.6 2 569
1503.01 45.7 2 570
1503.01 45.8 2 571
1503.01 45.9 2 572
1503.02 45.9 2 573
1503.02 46 2 574
1503.02 46.1 2 575
1503.02 46.2 2 576
1503.02 46.3 2 577
1503.02 46.4 2 578
1503.03 46.5 2 579
1503.03 46.6 2 580
1503.03 46.6 2 581
1503.03 46.7 2 582
1503.03 46.8 2 583
1503.04 46.9 2 584
1503.04 47 2 585
1503.04 47.1 2 586
1503.04 47.2 2 587
1503.04 47.3 2 588
1503.05 47.3 2 589
1503.05 47.4 2 590
1503.05 47.5 2 591
1503.05 47.6 2 592
1503.05 47.6 2 593
1503.05 47.6 2 594
1503.06 47.6 2 595
1503.06 47.6 2 596
1503.06 47.7 2 597
1503.06 47.8 2 598
1503.07 47.8 2 599
1503.07 47.9 2 600
1503.07 48 2 601
1503.07 48.1 2 602
1503.07 48.2 2 603
1503.07 48.3 2 604
1503.07 48.4 2 605
1503.08 48.5 2 606
1503.08 48.6 2 607
1503.08 48.7 2 608
1503.08 48.7 2 609
1503.09 48.8 2 610
1503.09 48.9 2 611
1503.09 49 2 612
1503.09 49.1 2 613
1503.1 49.1 2 614
1503.1 49.2 2 615
1503.1 49.3 2 616
1503.11 49.3 2 617
1503.11 49.4 2 618
1503.11 49.5 2 619
1503.11 49.6 2 620
1503.11 49.6 2 621
1503.11 49.7 2 622
1503.11 49.8 2 623
1503.12 49.9 2 624
1503.12 49.9 2 625
1503.12 50 2 626
1503.12 50.1 2 627
1503.13 50.2 2 628
1503.13 50.2 2 629
1503.13 50.3 2 630
1503.13 50.4 2 631
1503.13 50.4 2 632
1503.14 50.5 2 633
1503.14 50.6 2 634
1503.14 50.6 2 635
1503.14 50.7 2 636
1503.14 50.7 2 637
1503.15 50.7 2 638
1503.15 50.8 2 639
1503.15 50.9 2 640
1503.15 50.9 2 641
1503.15 51 2 642
1503.15 51 2 643
1503.16 51.1 2 644
1503.16 51.2 2 645
1503.16 51.3 2 646
1503.17 51.4 2 647
1503.17 51.5 2 648
1503.17 51.5 2 649
1503.17 51.6 2 650
1503.17 51.7 2 651
1503.17 51.7 2 652
1503.18 51.8 2 653
1503.18 51.9 2 654
1503.18 52 2 655
1503.18 52 2 656
1503.18 52 2 657
1503.19 52 2 658
1503.19 52.1 2 659
1503.19 52.2 2 660
1503.19 52.3 2 661
1503.19 52.4 2 662
1503.19 52.5 2 663
1503.19 52.6 2 664
1503.2 52.7 2 665
1503.2 52.8 2 666
1503.2 52.9 2 667
1503.2 53 2 668
1503.2 53 2 669
1503.2 53.1 2 670
1503.21 53.2 2 671
1503.21 53.3 2 672
1503.21 53.3 2 673
1503.21 53.3 2 674
1503.22 53.4 2 675
1503.22 53.5 2 676
1503.22 53.5 2 677
1503.22 53.6 2 678
1503.22 53.6 2 679
1503.23 53.6 2 680
1503.23 53.6 2 681
1503.23 53.6 2 682
1503.23 53.6 2 683
1503.23 53.7 2 684
1503.24 53.8 2 685
1503.24 53.9 2 686
1503.24 54 2 687
1503.24 54.1 2 688
1503.24 54.2 2 689
1503.24 54.3 2 690
1503.25 54.4 2 691
1503.25 54.5 2 692
1503.25 54.6 2 693
1503.25 54.7 2 694
1503.25 54.7 2 695
1503.26 54.7 2 696
1503.26 54.8 2 697
1503.26 54.9 2 698
1503.26 55 2 699
1503.26 55.1 2 700
1503.27 55.1 2 701
1503.27 55.1 2 702
1503.27 55.2 2 703
1503.27 55.3 2 704
1503.27 55.3 2 705
1503.27 55.4 2 706
1503.28 55.5 2 707
1503.28 55.6 2 708
1503.28 55.6 2 709
1503.28 55.7 2 710
1503.28 55.8 2 711
1503.28 55.8 2 712
1503.28 55.8 2 713
1503.29 55.8 2 714
1503.29 55.9 2 715
1503.29 55.9 2 716
1503.29 56 2 717
1503.29 56.1 2 718
1503.29 56.1 2 719
1503.3 56.1 2 720
1503.3 56.2 2 721
1503.3 56.3 2 722
1503.3 56.3 2 723
1503.3 56.3 2 724
1503.3 56.3 2 725
1503.31 56.4 2 726
1503.31 56.5 2 727
1503.31 56.6 2 728
1503.31 56.7 2 729
1503.31 56.7 2 730
1503.32 56.7 2 731
1503.32 56.8 2 732
1503.32 56.8 2 733
1503.32 56.8 2 734
1503.32 56.8 2 735
1503.33 56.8 2 736
1503.33 56.9 2 737
1503.33 56.9 2 738
1503.33 57 2 739
1503.33 57.1 2 740
1503.34 57.1 2 741
1503.34 57.1 2 742
1503.34 57.2 2 743
1503.34 57.2 2 744
1503.34 57.2 2 745
1503.34 57.3 2 746
1503.35 57.4 2 747
1503.35 57.5 2 748
1503.35 57.6 2 749
1503.35 57.6 2 750
1503.35 57.6 2 751
1503.36 57.6 2 752
1503.36 57.7 2 753
1503.36 57.8 2 754
1503.36 57.8 2 755
1503.36 57.8 2 756
1503.36 57.9 2 757
1503.36 57.9 2 758
1503.37 57.9 2 759
1503.37 58 2 760
1503.37 58.1 2 761
1503.37 58.2 2 762
1503.37 58.3 2 763
1503.37 58.3 2 764
1503.38 58.4 2 765
1503.38 58.5 2 766
1503.38 58.5 2 767
1503.38 58.6 2 768
1503.38 58.7 2 769
1503.38 58.7 2 770
1503.39 58.8 2 771
1503.39 58.9 2 772
1503.39 58.9 2 773
1503.39 59 2 774
1503.39 59.1 2 775
1503.4 59.1 2 776
1503.4 59.2 2 777
1503.4 59.2 2 778
1503.4 59.3 2 779
1503.4 59.4 2 780
1503.4 59.4 2 781
1503.41 59.4 2 782
1503.41 59.4 2 783
1503.41 59.4 2 784
1503.41 59.4 2 785
1503.42 59.5 2 786
1503.42 59.6 2 787
1503.42 59.6 2 788
1503.42 59.7 2 789
1503.43 59.7 2 790
1503.43 59.8 2 791
1503.43 59.8 2 792
1503.43 59.9 2 793
1503.43 60 2 794
1503.43 60.1 2 795
1503.44 60.2 2 796
1503.44 60.2 2 797
1503.44 60.3 2 798
1503.44 60.4 2 799
1503.44 60.4 2 800
1503.45 60.4 2 801
1503.45 60.4 2 802
1503.45 60.5 2 803
1503.45 60.5 2 804
1503.45 60.5 2 805
1503.45 60.6 2 806
1503.45 60.7 2 807
1503.46 60.8 2 808
1503.46 60.8 2 809
1503.47 60.8 2 810
1503.47 60.8 2 811
1503.47 60.9 2 812
1503.47 60.9 2 813
1503.47 60.9 2 814
1503.47 61 2 815
1503.47 61.1 2 816
1503.48 61.1 2 817
1503.48 61.2 2 818
1503.48 61.2 2 819
1503.48 61.2 2 820
1503.49 61.3 2 821
1503.49 61.4 2 822
1503.49 61.5 2 823
1503.49 61.5 2 824
1503.49 61.6 2 825
1503.49 61.7 2 826
1503.49 61.7 2 827
1503.5 61.7 2 828
1503.5 61.8 2 829
1503.5 61.8 2 830
1503.5 61.8 2 831
1503.5 61.8 2 832
1503.51 61.8 2 833
1503.51 61.8 2 834
1503.51 61.9 2 835
1503.51 61.9 2 836
1503.52 62 2 837
1503.52 62.1 2 838
1503.52 62.1 2 839
1503.52 62.2 2 840
1503.52 62.2 2 841
1503.53 62.2 2 842
1503.53 62.3 2 843
1503.53 62.3 2 844
1503.53 62.3 2 845
1503.53 62.4 2 846
1503.53 62.5 2 847
1503.54 62.6 2 848
1503.54 62.7 2 849
1503.54 62.8 2 850
1503.54 62.9 2 851
1503.54 63 2 852
1503.54 63.1 2 853
1503.55 63.2 2 854
1503.55 63.3 2 855
1503.55 63.3 2 856
1503.55 63.4 2 857
1503.55 63.4 2 858
1503.55 63.5 2 859
1503.56 63.5 2 860
1503.56 63.5 2 861
1503.56 63.5 2 862
1503.56 63.5 2 863
1503.56 63.5 2 864
1503.57 63.5 2 865
1503.57 63.5 2 866
1503.57 63.5 2 867
1503.57 63.5 2 868
1503.57 63.6 2 869
1503.57 63.6 2 870
1503.57 63.7 2 871
1503.58 63.7 2 872
1503.58 63.7 2 873
1503.58 63.8 2 874
1503.58 63.9 2 875
1503.58 63.9 2 876
1503.58 63.9 2 877
1503.59 64 2 878
1503.59 64.1 2 879
1503.59 64.1 2 880
1503.59 64.1 2 881
1503.59 64.1 2 882
1503.6 64.2 2 883
1503.6 64.2 2 884
1503.6 64.2 2 885
1503.6 64.2 2 886
1503.6 64.3 2 887
1503.61 64.3 2 888
1503.61 64.4 2 889
1503.61 64.4 2 890
1503.61 64.4 2 891
1503.62 64.5 2 892
1503.62 64.6 2 893
1503.62 64.6 2 894
1503.62 64.6 2 895
1503.62 64.6 2 896
1503.62 64.6 2 897
1503.63 64.7 2 898
1503.63 64.8 2 899
1503.63 64.8 2 900
1503.64 64.9 2 901
1503.64 64.9 2 902
1503.64 64.9 2 903
1503.64 64.9 2 904
1503.64 64.9 2 905
1503.64 65 2 906
1503.65 65 2 907
1503.65 65 2 908
1503.65 65 2 909
1503.65 65 2 910
1503.65 65.1 2 911
1503.65 65.1 2 912
1503.66 65.1 2 913
1503.66 65.2 2 914
1503.66 65.3 2 915
1503.66 65.3 2 916
1503.66 65.3 2 917
1503.67 65.4 2 918
1503.67 65.4 2 919
1503.67 65.5 2 920
1503.67 65.5 2 921
1503.67 65.6 2 922
1503.68 65.6 2 923
1503.68 65.7 2 924
1503.68 65.7 2 925
1503.68 65.7 2 926
1503.68 65.7 2 927
1503.69 65.8 2 928
1503.69 65.8 2 929
1503.69 65.8 2 930
1503.69 65.9 2 931
1503.69 65.9 2 932
1503.69 66 2 933
1503.7 66.1 2 934
1503.7 66.2 2 935
1503.7 66.2 2 936
1503.7 66.3 2 937
1503.7 66.4 2 938
1503.7 66.4 2 939
1503.7 66.4 2 940
1503.71 66.4 2 941
1503.71 66.4 2 942
1503.71 66.5 2 943
1503.71 66.6 2 944
1503.71 66.6 2 945
1503.71 66.6 2 946
1503.72 66.6 2 947
1503.72 66.6 2 948
1503.72 66.7 2 949
1503.72 66.7 2 950
1503.72 66.8 2 951
1503.72 66.9 2 952
1503.73 66.9 2 953
1503.73 66.9 2 954
1503.73 66.9 2 955
1503.73 66.9 2 956
1503.73 66.9 2 957
1503.73 67 2 958
1503.74 67.1 2 959
1503.74 67.2 2 960
1503.74 67.3 2 961
1503.74 67.3 2 962
1503.74 67.3 2 963
1503.74 67.3 2 964
1503.75 67.4 2 965
1503.75 67.5 2 966
1503.75 67.5 2 967
1503.75 67.5 2 968
1503.75 67.5 2 969
1503.75 67.5 2 970
1503.76 67.6 2 971
1503.76 67.7 2 972
1503.76 67.8 2 973
1503.76 67.8 2 974
1503.76 67.8 2 975
1503.76 67.8 2 976
1503.76 67.8 2 977
1503.77 67.8 2 978
1503.77 67.8 2 979
1503.77 67.9 2 980
1503.77 67.9 2 981
1503.78 67.9 2 982
1503.78 67.9 2 983
1503.78 67.9 2 984
1503.78 67.9 2 985
1503.78 67.9 2 986
1503.78 68 2 987
1503.79 68 2 988
1503.79 68.1 2 989
1503.79 68.2 2 990
1503.79 68.3 2 991
1503.79 68.3 2 992
1503.8 68.3 2 993
1503.8 68.3 2 994
1503.8 68.3 2 995
1503.8 68.3 2 996
1503.8 68.3 2 997
1503.8 68.3 2 998
1503.8 68.4 2 999
1503.81 68.5 2 1000
1503.81 68.5 2 1001
1503.81 68.5 2 1002
1503.81 68.5 2 1003
1503.81 68.5 2 1004
1503.81 68.6 2 1005
1503.82 68.6 2 1006
1503.82 68.6 2 1007
1503.82 68.6 2 1008
1503.82 68.6 2 1009
1503.83 68.6 2 1010
1503.83 68.6 2 1011
1503.83 68.7 2 1012
1503.83 68.7 2 1013
1503.83 68.8 2 1014
1503.84 68.8 2 1015
1503.84 68.9 2 1016
1503.84 68.9 2 1017
1503.84 68.9 2 1018
1503.84 69 2 1019
1503.84 69.1 2 1020
1503.85 69.2 2 1021
1503.85 69.3 2 1022
1503.85 69.3 2 1023
1503.85 69.3 2 1024
1503.85 69.4 2 1025
1503.85 69.5 2 1026
1503.86 69.5 2 1027
1503.86 69.5 2 1028
1503.86 69.5 2 1029
1503.86 69.6 2 1030
1503.86 69.6 2 1031
1503.86 69.6 2 1032
1503.86 69.7 2 1033
1503.87 69.7 2 1034
1503.87 69.7 2 1035
1503.87 69.7 2 1036
1503.87 69.8 2 1037
1503.87 69.8 2 1038
1503.87 69.9 2 1039
1503.88 69.9 2 1040
1503.88 69.9 2 1041
1503.88 69.9 2 1042
1503.88 70 2 1043
1503.88 70 2 1044
1503.88 70.1 2 1045
1503.89 70.1 2 1046
1503.89 70.1 2 1047
1503.89 70.1 2 1048
1503.89 70.2 2 1049
1503.9 70.2 2 1050
1503.9 70.3 2 1051
1503.9 70.4 2 1052
1503.9 70.4 2 1053
1503.9 70.4 2 1054
1503.9 70.5 2 1055
1503.9 70.6 2 1056
1503.91 70.7 2 1057
1503.91 70.7 2 1058
1503.91 70.7 2 1059
1503.91 70.7 2 1060
1503.92 70.8 2 1061
1503.92 70.8 2 1062
1503.92 70.8 2 1063
1503.92 70.9 2 1064
1503.92 70.9 2 1065
1503.92 70.9 2 1066
1503.92 70.9 2 1067
1503.93 70.9 2 1068
1503.93 71 2 1069
1503.93 71 2 1070
1503.93 71 2 1071
1503.94 71 2 1072
1503.94 71.1 2 1073
1503.94 71.2 2 1074
1503.94 71.2 2 1075
1503.94 71.2 2 1076
1503.95 71.2 2 1077
1503.95 71.2 2 1078
1503.95 71.2 2 1079
1503.95 71.3 2 1080
1503.95 71.3 2 1081
1503.95 71.4 2 1082
1503.96 71.4 2 1083
1503.96 71.5 2 1084
1503.96 71.5 2 1085
1503.96 71.5 2 1086
1503.97 71.5 2 1087
1503.97 71.5 2 1088
1503.97 71.6 2 1089
1503.97 71.6 2 1090
1503.97 71.6 2 1091
1503.97 71.6 2 1092
1503.97 71.7 2 1093
1503.98 71.7 2 1094
1503.98 71.7 2 1095
1503.98 71.7 2 1096
1503.98 71.7 2 1097
1503.98 71.8 2 1098
1503.99 71.8 2 1099
1503.99 71.9 2 1100
1503.99 71.9 2 1101
1503.99 72 2 1102
1503.99 72 2 1103
1503.99 72 2 1104
1504 72 2 1105
1504 72.1 2 1106
1504 72.2 2 1107
1504 72.2 2 1108
1504 72.2 2 1109
1504.01 72.2 2 1110
1504.01 72.2 2 1111
1504.01 72.2 2 1112
1504.01 72.2 2 1113
1504.01 72.3 2 1114
1504.01 72.4 2 1115
1504.01 72.4 2 1116
1504.02 72.4 2 1117
1504.02 72.5 2 1118
1504.02 72.6 2 1119
1504.02 72.6 2 1120
1504.02 72.6 2 1121
1504.03 72.6 2 1122
1504.03 72.6 2 1123
1504.03 72.6 2 1124
1504.03 72.6 2 1125
1504.03 72.7 2 1126
1504.04 72.8 2 1127
1504.04 72.9 2 1128
1504.04 73 2 1129
1504.04 73 2 1130
1504.04 73.1 2 1131
1504.04 73.2 2 1132
1504.05 73.2 2 1133
1504.05 73.2 2 1134
1504.05 73.3 2 1135
1504.05 73.3 2 1136
1504.05 73.4 2 1137
1504.06 73.5 2 1138
1504.06 73.5 2 1139
1504.06 73.5 2 1140
1504.06 73.5 2 1141
1504.06 73.6 2 1142
1504.06 73.6 2 1143
1504.07 73.7 2 1144
1504.07 73.8 2 1145
1504.07 73.8 2 1146
1504.07 73.8 2 1147
1504.07 73.9 2 1148
1504.07 73.9 2 1149
1504.08 74 2 1150
1504.08 74.1 2 1151
1504.08 74.2 2 1152
1504.08 74.2 2 1153
1504.08 74.2 2 1154
1504.09 74.3 2 1155
1504.09 74.3 2 1156
1504.09 74.4 2 1157
1504.09 74.4 2 1158
1504.09 74.4 2 1159
1504.09 74.4 2 1160
1504.09 74.5 2 1161
1504.1 74.5 2 1162
1504.1 74.6 2 1163
1504.1 74.7 2 1164
1504.1 74.7 2 1165
1504.11 74.7 2 1166
1504.11 74.7 2 1167
1504.11 74.8 2 1168
1504.11 74.8 2 1169
1504.11 74.9 2 1170
1504.11 74.9 2 1171
1504.12 74.9 2 1172
1504.12 74.9 2 1173
1504.12 74.9 2 1174
1504.12 74.9 2 1175
1504.13 75 2 1176
1504.13 75 2 1177
1504.13 75.1 2 1178
1504.13 75.2 2 1179
1504.13 75.3 2 1180
1504.14 75.4 2 1181
1504.14 75.5 2 1182
1504.14 75.5 2 1183
1504.14 75.5 2 1184
1504.14 75.5 2 1185
1504.15 75.6 2 1186
1504.15 75.6 2 1187
1504.15 75.6 2 1188
1504.15 75.7 2 1189
1504.15 75.7 2 1190
1504.16 75.7 2 1191
1504.16 75.7 2 1192
1504.16 75.8 2 1193
1504.16 75.8 2 1194
1504.16 75.9 2 1195
1504.16 75.9 2 1196
1504.17 76 2 1197
1504.17 76.1 2 1198
1504.17 76.1 2 1199
1504.17 76.1 2 1200
1504.17 76.2 2 1201
1504.18 76.2 2 1202
1504.18 76.2 2 1203
1504.18 76.2 2 1204
1504.18 76.2 2 1205
1504.18 76.3 2 1206
1504.18 76.3 2 1207
1504.19 76.3 2 1208
1504.19 76.3 2 1209
1504.19 76.4 2 1210
1504.19 76.5 2 1211
1504.2 76.5 2 1212
1504.2 76.5 2 1213
1504.2 76.5 2 1214
1504.2 76.5 2 1215
1504.2 76.5 2 1216
1504.21 76.5 2 1217
1504.21 76.5 2 1218
1504.21 76.5 2 1219
1504.21 76.6 2 1220
1504.22 76.6 2 1221
1504.22 76.7 2 1222
1504.22 76.7 2 1223
1504.22 76.7 2 1224
1504.22 76.8 2 1225
1504.22 76.9 2 1226
1504.22 77 2 1227
1504.23 77.1 2 1228
1504.23 77.1 2 1229
1504.23 77.1 2 1230
1504.23 77.2 2 1231
1504.23 77.2 2 1232
1504.23 77.2 2 1233
1504.24 77.2 2 1234
1504.24 77.3 2 1235
1504.24 77.3 2 1236
1504.24 77.3 2 1237
1504.24 77.4 2 1238
1504.24 77.5 2 1239
1504.24 77.5 2 1240
1504.25 77.6 2 1241
1504.25 77.6 2 1242
1504.25 77.6 2 1243
1504.25 77.6 2 1244
1504.25 77.6 2 1245
1504.26 77.6 2 1246
1504.26 77.6 2 1247
1504.26 77.7 2 1248
1504.26 77.7 2 1249
1504.26 77.7 2 1250
1504.26 77.7 2 1251
1504.27 77.7 2 1252
1504.27 77.8 2 1253
1504.27 77.8 2 1254
1504.27 77.8 2 1255
1504.28 77.8 2 1256
1504.28 77.8 2 1257
1504.28 77.8 2 1258
1504.28 77.8 2 1259
1504.28 77.8 2 1260
1504.28 77.9 2 1261
1504.29 77.9 2 1262
1504.29 77.9 2 1263
1504.29 77.9 2 1264
1504.29 77.9 2 1265
1504.29 77.9 2 1266
1504.3 78 2 1267
1504.3 78 2 1268
1504.3 78.1 2 1269
1504.3 78.1 2 1270
1504.31 78.1 2 1271
1504.31 78.1 2 1272
1504.31 78.1 2 1273
1504.31 78.2 2 1274
1504.32 78.3 2 1275
1504.32 78.4 2 1276
1504.32 78.4 2 1277
1504.32 78.4 2 1278
1504.32 78.5 2 1279
1504.33 78.5 2 1280
1504.33 78.6 2 1281
1504.33 78.6 2 1282
1504.33 78.7 2 1283
1504.33 78.8 2 1284
1504.34 78.9 2 1285
1504.34 78.9 2 1286
1504.34 78.9 2 1287
1504.34 79 2 1288
1504.34 79.1 2 1289
1504.34 79.2 2 1290
1504.35 79.2 2 1291
1504.35 79.3 2 1292
1504.35 79.3 2 1293
1504.35 79.3 2 1294
1504.35 79.3 2 1295
1504.35 79.3 2 1296
1504.35 79.4 2 1297
1504.36 79.4 2 1298
1504.36 79.4 2 1299
1504.36 79.4 2 1300
1504.36 79.4 2 1301
1504.37 79.4 2 1302
1504.37 79.4 2 1303
1504.37 79.4 2 1304
1504.37 79.5 2 1305
1504.37 79.5 2 1306
1504.38 79.5 2 1307
1504.38 79.6 2 1308
1504.38 79.6 2 1309
1504.38 79.6 2 1310
1504.39 79.6 2 1311
1504.39 79.6 2 1312
1504.39 79.6 2 1313
1504.39 79.6 2 1314
1504.39 79.6 2 1315
1504.39 79.6 2 1316
1504.4 79.6 2 1317
1504.4 79.6 2 1318
1504.4 79.6 2 1319
1504.4 79.7 2 1320
1504.41 79.8 2 1321
1504.41 79.8 2 1322
1504.41 79.8 2 1323
1504.41 79.9 2 1324
1504.41 79.9 2 1325
1504.41 79.9 2 1326
1504.42 79.9 2 1327
1504.42 79.9 2 1328
1504.42 79.9 2 1329
1504.42 79.9 2 1330
1504.42 79.9 2 1331
1504.43 79.9 2 1332
1504.43 79.9 2 1333
1504.43 79.9 2 1334
1504.43 80 2 1335
1504.43 80 2 1336
1504.44 80 2 1337
1504.44 80.1 2 1338
1504.44 80.1 2 1339
1504.44 80.1 2 1340
1504.44 80.1 2 1341
1504.44 80.1 2 1342
1504.45 80.2 2 1343
1504.45 80.2 2 1344
1504.45 80.2 2 1345
1504.45 80.2 2 1346
1504.45 80.2 2 1347
1504.45 80.2 2 1348
1504.45 80.3 2 1349
1504.46 80.3 2 1350
1504.46 80.4 2 1351
1504.46 80.5 2 1352
1504.46 80.5 2 1353
1504.46 80.5 2 1354
1504.47 80.5 2 1355
1504.47 80.6 2 1356
1504.47 80.6 2 1357
1504.47 80.6 2 1358
1504.47 80.7 2 1359
1504.47 80.7 2 1360
1504.47 80.8 2 1361
1504.48 80.9 2 1362
1504.48 81 2 1363
1504.48 81 2 1364
1504.48 81 2 1365
1504.48 81 2 1366
1504.48 81 2 1367
1504.49 81 2 1368
1504.49 81 2 1369
1504.49 81.1 2 1370
1504.49 81.1 2 1371
1504.49 81.1 2 1372
1504.49 81.1 2 1373
1504.5 81.2 2 1374
1504.5 81.3 2 1375
1504.5 81.3 2 1376
1504.5 81.3 2 1377
1504.5 81.4 2 1378
1504.51 81.5 2 1379
1504.51 81.5 2 1380
1504.51 81.5 2 1381
1504.51 81.5 2 1382
1504.51 81.6 2 1383
1504.51 81.6 2 1384
1504.52 81.6 2 1385
1504.52 81.6 2 1386
1504.52 81.6 2 1387
1504.52 81.6 2 1388
1504.52 81.7 2 1389
1504.52 81.7 2 1390
1504.53 81.7 2 1391
1504.53 81.8 2 1392
1504.53 81.8 2 1393
1504.53 81.8 2 1394
1504.54 81.9 2 1395
1504.54 81.9 2 1396
1504.54 82 2 1397
1504.54 82.1 2 1398
1504.54 82.1 2 1399
1504.54 82.1 2 1400
1504.55 82.1 2 1401
1504.55 82.1 2 1402
1504.55 82.1 2 1403
1504.55 82.1 2 1404
1504.55 82.1 2 1405
1504.55 82.1 2 1406
1504.56 82.2 2 1407
1504.56 82.2 2 1408
1504.56 82.2 2 1409
1504.56 82.2 2 1410
1504.56 82.2 2 1411
1504.57 82.2 2 1412
1504.57 82.3 2 1413
1504.57 82.4 2 1414
1504.57 82.5 2 1415
1504.58 82.5 2 1416
1504.58 82.5 2 1417
1504.58 82.5 2 1418
1504.58 82.5 2 1419
1504.58 82.6 2 1420
1504.58 82.6 2 1421
1504.59 82.7 2 1422
1504.59 82.7 2 1423
1504.59 82.7 2 1424
1504.59 82.7 2 1425
1504.59 82.8 2 1426
1504.6 82.8 2 1427
1504.6 82.8 2 1428
1504.6 82.9 2 1429
1504.6 82.9 2 1430
1504.6 82.9 2 1431
1504.6 83 2 1432
1504.6 83 2 1433
1504.61 83 2 1434
1504.61 83 2 1435
1504.61 83 2 1436
1504.61 83 2 1437
1504.61 83 2 1438
1504.62 83 2 1439
1504.62 83 2 1440
1504.62 83 2 1441
1504.62 83 2 1442
1504.62 83.1 2 1443
1504.62 83.1 2 1444
1504.62 83.1 2 1445
1504.63 83.2 2 1446
1504.63 83.2 2 1447
1504.63 83.2 2 1448
1504.63 83.2 2 1449
1504.63 83.2 2 1450
1504.64 83.2 2 1451
1504.64 83.2 2 1452
1504.64 83.2 2 1453
1504.64 83.2 2 1454
1504.64 83.2 2 1455
1504.64 83.3 2 1456
1504.64 83.3 2 1457
1504.65 83.4 2 1458
1504.65 83.4 2 1459
1504.65 83.4 2 1460
1504.65 83.5 2 1461
1504.65 83.5 2 1462
1504.66 83.5 2 1463
1504.66 83.5 2 1464
1504.66 83.5 2 1465
1504.66 83.6 2 1466
1504.66 83.6 2 1467
1504.67 83.6 2 1468
1504.67 83.7 2 1469
1504.67 83.7 2 1470
1504.67 83.7 2 1471
1504.67 83.7 2 1472
1504.67 83.7 2 1473
1504.68 83.7 2 1474
1504.68 83.8 2 1475
1504.68 83.9 2 1476
1504.68 83.9 2 1477
1504.68 84 2 1478
1504.69 84.1 2 1479
1504.69 84.2 2 1480
1504.69 84.2 2 1481
1504.69 84.2 2 1482
1504.69 84.3 2 1483
1504.7 84.4 2 1484
1504.7 84.4 2 1485
1504.7 84.5 2 1486
1504.7 84.5 2 1487
1504.7 84.5 2 1488
1504.71 84.5 2 1489
1504.71 84.5 2 1490
1504.71 84.5 2 1491
1504.71 84.5 2 1492
1504.71 84.6 2 1493
1504.71 84.7 2 1494
1504.71 84.8 2 1495
1504.72 84.8 2 1496
1504.72 84.8 2 1497
1504.72 84.8 2 1498
1504.72 84.8 2 1499
1504.72 84.9 2 1500
1504.73 84.9 2 1501
1504.73 85 2 1502
1504.73 85 2 1503
1504.73 85.1 2 1504
1504.73 85.1 2 1505
1504.73 85.2 2 1506
1504.74 85.3 2 1507
1504.74 85.3 2 1508
1504.74 85.4 2 1509
1504.74 85.4 2 1510
1504.74 85.4 2 1511
1504.74 85.4 2 1512
1504.75 85.4 2 1513
1504.75 85.5 2 1514
1504.75 85.5 2 1515
1504.75 85.5 2 1516
1504.75 85.5 2 1517
1504.75 85.5 2 1518
1504.76 85.6 2 1519
1504.76 85.7 2 1520
1504.76 85.7 2 1521
1504.76 85.7 2 1522
1504.77 85.7 2 1523
1504.77 85.7 2 1524
1504.77 85.7 2 1525
1504.77 85.7 2 1526
1504.77 85.8 2 1527
1504.78 85.9 2 1528
1504.78 86 2 1529
1504.78 86 2 1530
1504.78 86 2 1531
1504.78 86 2 1532
1504.79 86 2 1533
1504.79 86 2 1534
1504.79 86 2 1535
1504.79 86.1 2 1536
1504.79 86.1 2 1537
1504.8 86.1 2 1538
1504.8 86.1 2 1539
1504.8 86.1 2 1540
1504.8 86.1 2 1541
1504.81 86.1 2 1542
1504.81 86.1 2 1543
1504.81 86.1 2 1544
1504.81 86.1 2 1545
1504.81 86.1 2 1546
1504.81 86.1 2 1547
1504.82 86.1 2 1548
1504.82 86.1 2 1549
1504.82 86.1 2 1550
1504.82 86.2 2 1551
1504.82 86.3 2 1552
1504.83 86.3 2 1553
1504.83 86.3 2 1554
1504.83 86.4 2 1555
1504.83 86.5 2 1556
1504.83 86.5 2 1557
1504.83 86.6 2 1558
1504.83 86.6 2 1559
1504.84 86.6 2 1560
1504.84 86.7 2 1561
1504.84 86.7 2 1562
1504.84 86.7 2 1563
1504.84 86.7 2 1564
1504.85 86.7 2 1565
1504.85 86.7 2 1566
1504.85 86.7 2 1567
1504.85 86.8 2 1568
1504.85 86.8 2 1569
1504.85 86.8 2 1570
1504.85 86.8 2 1571
1504.86 86.9 2 1572
1504.86 86.9 2 1573
1504.86 86.9 2 1574
1504.86 86.9 2 1575
1504.86 86.9 2 1576
1504.87 86.9 2 1577
1504.87 86.9 2 1578
1504.87 87 2 1579
1504.87 87 2 1580
1504.88 87 2 1581
1504.88 87 2 1582
1504.88 87 2 1583
1504.88 87 2 1584
1504.89 87 2 1585
1504.89 87 2 1586
1504.89 87.1 2 1587
1504.89 87.2 2 1588
1504.9 87.3 2 1589
1504.9 87.3 2 1590
1504.9 87.3 2 1591
1504.9 87.4 2 1592
1504.9 87.4 2 1593
1504.9 87.4 2 1594
1504.91 87.5 2 1595
1504.91 87.5 2 1596
1504.91 87.5 2 1597
1504.91 87.5 2 1598
1504.91 87.5 2 1599
1504.92 87.5 2 1600
1504.92 87.5 2 1601
1504.92 87.5 2 1602
1504.92 87.5 2 1603
1504.92 87.5 2 1604
1504.93 87.5 2 1605
1504.93 87.5 2 1606
1504.93 87.6 2 1607
1504.93 87.6 2 1608
1504.93 87.6 2 1609
1504.94 87.6 2 1610
1504.94 87.6 2 1611
1504.94 87.7 2 1612
1504.94 87.7 2 1613
1504.94 87.7 2 1614
1504.94 87.7 2 1615
1504.95 87.7 2 1616
1504.95 87.7 2 1617
1504.95 87.7 2 1618
1504.95 87.7 2 1619
1504.96 87.7 2 1620
1504.96 87.7 2 1621
1504.96 87.8 2 1622
1504.96 87.8 2 1623
1504.96 87.8 2 1624
1504.97 87.8 2 1625
1504.97 87.8 2 1626
1504.97 87.8 2 1627
1504.97 87.8 2 1628
1504.97 87.8 2 1629
1504.97 87.9 2 1630
1504.98 88 2 1631
1504.98 88 2 1632
1504.98 88 2 1633
1504.98 88 2 1634
1504.98 88 2 1635
1504.99 88 2 1636
1504.99 88 2 1637
1504.99 88 2 1638
1504.99 88.1 2 1639
1504.99 88.1 2 1640
1504.99 88.1 2 1641
1505 88.1 2 1642
1505 88.1 2 1643
1505 88.2 2 1644
1505 88.2 2 1645
1505.01 88.3 2 1646
1505.01 88.3 2 1647
1505.01 88.3 2 1648
1505.01 88.4 2 1649
1505.02 88.4 2 1650
1505.02 88.4 2 1651
1505.02 88.4 2 1652
1505.02 88.5 2 1653
1505.02 88.5 2 1654
1505.03 88.5 2 1655
1505.03 88.5 2 1656
1505.03 88.5 2 1657
1505.03 88.5 2 1658
1505.03 88.5 2 1659
1505.03 88.6 2 1660
1505.04 88.6 2 1661
1505.04 88.6 2 1662
1505.04 88.7 2 1663
1505.04 88.7 2 1664
1505.04 88.7 2 1665
1505.05 88.7 2 1666
1505.05 88.8 2 1667
1505.05 88.8 2 1668
1505.05 88.8 2 1669
1505.05 88.8 2 1670
1505.05 88.8 2 1671
1505.05 88.8 2 1672
1505.06 88.8 2 1673
1505.06 88.8 2 1674
1505.06 88.8 2 1675
1505.06 88.8 2 1676
1505.06 88.8 2 1677
1505.06 88.8 2 1678
1505.07 88.8 2 1679
1505.07 88.8 2 1680
1505.07 88.8 2 1681
1505.07 88.8 2 1682
1505.07 88.8 2 1683
1505.07 88.8 2 1684
1505.08 88.8 2 1685
1505.08 88.8 2 1686
1505.08 88.8 2 1687
1505.08 88.8 2 1688
1505.09 88.8 2 1689
1505.09 88.9 2 1690
1505.09 88.9 2 1691
1505.09 88.9 2 1692
1505.09 88.9 2 1693
1505.09 88.9 2 1694
1505.1 88.9 2 1695
1505.1 88.9 2 1696
1505.1 88.9 2 1697
1505.1 88.9 2 1698
1505.1 88.9 2 1699
1505.11 88.9 2 1700
1505.11 88.9 2 1701
1505.11 88.9 2 1702
1505.11 88.9 2 1703
1505.11 88.9 2 1704
1505.11 88.9 2 1705
1505.12 89 2 1706
1505.12 89.1 2 1707
1505.12 89.1 2 1708
1505.12 89.2 2 1709
1505.13 89.2 2 1710
1505.13 89.3 2 1711
1505.13 89.4 2 1712
1505.13 89.4 2 1713
1505.14 89.4 2 1714
1505.14 89.4 2 1715
1505.14 89.5 2 1716
1505.14 89.5 2 1717
1505.14 89.5 2 1718
1505.15 89.5 2 1719
1505.15 89.5 2 1720
1505.15 89.6 2 1721
1505.15 89.6 2 1722
1505.15 89.6 2 1723
1505.15 89.6 2 1724
1505.15 89.6 2 1725
1505.16 89.7 2 1726
1505.16 89.7 2 1727
1505.16 89.7 2 1728
1505.16 89.7 2 1729
1505.16 89.8 2 1730
1505.16 89.8 2 1731
1505.17 89.8 2 1732
1505.17 89.8 2 1733
1505.17 89.8 2 1734
1505.17 89.8 2 1735
1505.17 89.8 2 1736
1505.17 89.8 2 1737
1505.17 89.9 2 1738
1505.18 89.9 2 1739
1505.18 89.9 2 1740
1505.18 89.9 2 1741
1505.18 90 2 1742
1505.18 90 2 1743
1505.19 90 2 1744
1505.19 90.1 2 1745
1505.19 90.1 2 1746
1505.19 90.1 2 1747
1505.19 90.1 2 1748
1505.19 90.1 2 1749
1505.19 90.1 2 1750
1505.2 90.1 2 1751
1505.2 90.1 2 1752
1505.2 90.2 2 1753
1505.2 90.2 2 1754
1505.2 90.2 2 1755
1505.2 90.2 2 1756
1505.21 90.2 2 1757
1505.21 90.2 2 1758
1505.21 90.2 2 1759
1505.21 90.3 2 1760
1505.21 90.3 2 1761
1505.21 90.3 2 1762
1505.22 90.3 2 1763
1505.22 90.3 2 1764
1505.22 90.4 2 1765
1505.22 90.4 2 1766
1505.22 90.4 2 1767
1505.22 90.5 2 1768
1505.23 90.6 2 1769
1505.23 90.6 2 1770
1505.23 90.6 2 1771
1505.23 90.6 2 1772
1505.23 90.6 2 1773
1505.23 90.6 2 1774
1505.24 90.6 2 1775
1505.24 90.6 2 1776
1505.24 90.6 2 1777
1505.24 90.6 2 1778
1505.24 90.6 2 1779
1505.24 90.6 2 1780
1505.25 90.6 2 1781
1505.25 90.6 2 1782
1505.25 90.6 2 1783
1505.25 90.6 2 1784
1505.26 90.7 2 1785
1505.26 90.7 2 1786
1505.26 90.7 2 1787
1505.26 90.7 2 1788
1505.26 90.7 2 1789
1505.26 90.7 2 1790
1505.27 90.7 2 1791
1505.27 90.7 2 1792
1505.27 90.7 2 1793
1505.27 90.8 2 1794
1505.27 90.8 2 1795
1505.28 90.8 2 1796
1505.28 90.8 2 1797
1505.28 90.8 2 1798
1505.28 90.8 2 1799
1505.28 90.8 2 1800
1505.28 90.9 2 1801
1505.28 90.9 2 1802
1505.29 90.9 2 1803
1505.29 90.9 2 1804
1505.29 90.9 2 1805
1505.29 91 2 1806
1505.29 91 2 1807
1505.29 91 2 1808
1505.3 91 2 1809
1505.3 91.1 2 1810
1505.3 91.2 2 1811
1505.3 91.2 2 1812
1505.3 91.2 2 1813
1505.3 91.2 2 1814
1505.3 91.2 2 1815
1505.31 91.2 2 1816
1505.31 91.2 2 1817
1505.31 91.2 2 1818
1505.31 91.2 2 1819
1505.31 91.2 2 1820
1505.32 91.2 2 1821
1505.32 91.2 2 1822
1505.32 91.2 2 1823
1505.32 91.2 2 1824
1505.32 91.2 2 1825
1505.32 91.2 2 1826
1505.33 91.2 2 1827
1505.33 91.2 2 1828
1505.33 91.2 2 1829
1505.33 91.2 2 1830
1505.33 91.2 2 1831
1505.34 91.2 2 1832
1505.34 91.2 2 1833
1505.34 91.2 2 1834
1505.34 91.2 2 1835
1505.34 91.2 2 1836
1505.35 91.2 2 1837
1505.35 91.2 2 1838
1505.35 91.2 2 1839
1505.35 91.2 2 1840
1505.35 91.2 2 1841
1505.36 91.2 2 1842
1505.36 91.2 2 1843
1505.36 91.3 2 1844
1505.36 91.3 2 1845
1505.36 91.3 2 1846
1505.36 91.3 2 1847
1505.36 91.3 2 1848
1505.37 91.3 2 1849
1505.37 91.3 2 1850
1505.37 91.4 2 1851
1505.37 91.4 2 1852
1505.37 91.4 2 1853
1505.37 91.4 2 1854
1505.38 91.4 2 1855
1505.38 91.4 2 1856
1505.38 91.4 2 1857
1505.38 91.4 2 1858
1505.38 91.4 2 1859
1505.38 91.4 2 1860
1505.39 91.4 2 1861
1505.39 91.4 2 1862
1505.39 91.5 2 1863
1505.39 91.5 2 1864
1505.39 91.5 2 1865
1505.4 91.5 2 1866
1505.4 91.5 2 1867
1505.4 91.5 2 1868
1505.4 91.5 2 1869
1505.4 91.6 2 1870
1505.4 91.6 2 1871
1505.4 91.7 2 1872
1505.41 91.7 2 1873
1505.41 91.7 2 1874
1505.41 91.7 2 1875
1505.41 91.8 2 1876
1505.42 91.8 2 1877
1505.42 91.8 2 1878
1505.42 91.8 2 1879
1505.42 91.8 2 1880
1505.42 91.9 2 1881
1505.42 91.9 2 1882
1505.43 92 2 1883
1505.43 92 2 1884
1505.43 92 2 1885
1505.43 92 2 1886
1505.44 92 2 1887
1505.44 92 2 1888
1505.44 92 2 1889
1505.44 92 2 1890
1505.45 92 2 1891
1505.45 92 2 1892
1505.45 92 2 1893
1505.45 92 2 1894
1505.45 92 2 1895
1505.45 92 2 1896
1505.45 92 2 1897
1505.46 92 2 1898
1505.46 92.1 2 1899
1505.46 92.1 2 1900
1505.46 92.1 2 1901
1505.47 92.2 2 1902
1505.47 92.2 2 1903
1505.47 92.3 2 1904
1505.47 92.3 2 1905
1505.47 92.3 2 1906
1505.47 92.3 2 1907
1505.47 92.4 2 1908
1505.48 92.4 2 1909
1505.48 92.4 2 1910
1505.48 92.4 2 1911
1505.48 92.4 2 1912
1505.48 92.4 2 1913
1505.49 92.4 2 1914
1505.49 92.4 2 1915
1505.49 92.4 2 1916
1505.49 92.4 2 1917
1505.49 92.4 2 1918
1505.5 92.5 2 1919
1505.5 92.5 2 1920
1505.5 92.6 2 1921
1505.5 92.6 2 1922
1505.5 92.7 2 1923
1505.51 92.7 2 1924
1505.51 92.7 2 1925
1505.51 92.7 2 1926
1505.51 92.8 2 1927
1505.51 92.8 2 1928
1505.51 92.8 2 1929
1505.52 92.8 2 1930
1505.52 92.8 2 1931
1505.52 92.8 2 1932
1505.52 92.8 2 1933
1505.52 92.8 2 1934
1505.52 92.8 2 1935
1505.53 92.8 2 1936
1505.53 92.8 2 1937
1505.53 92.8 2 1938
1505.53 92.8 2 1939
1505.53 92.8 2 1940
1505.54 92.8 2 1941
1505.54 92.8 2 1942
1505.54 92.8 2 1943
1505.54 92.8 2 1944
1505.54 92.8 2 1945
1505.55 92.8 2 1946
1505.55 92.8 2 1947
1505.55 92.8 2 1948
1505.55 92.8 2 1949
1505.55 92.8 2 1950
1505.56 92.8 2 1951
1505.56 92.8 2 1952
1505.56 92.8 2 1953
1505.56 92.8 2 1954
1505.56 92.9 2 1955
1505.57 92.9 2 1956
1505.57 92.9 2 1957
1505.57 92.9 2 1958
1505.57 92.9 2 1959
1505.57 92.9 2 1960
1505.57 92.9 2 1961
1505.57 92.9 2 1962
1505.58 92.9 2 1963
1505.58 92.9 2 1964
1505.58 93 2 1965
1505.58 93 2 1966
1505.58 93 2 1967
1505.59 93 2 1968
1505.59 93 2 1969
1505.59 93 2 1970
1505.59 93 2 1971
1505.6 93 2 1972
1505.6 93.1 2 1973
1505.6 93.1 2 1974
1505.6 93.1 2 1975
1505.6 93.2 2 1976
1505.6 93.2 2 1977
1505.61 93.2 2 1978
1505.61 93.2 2 1979
1505.61 93.2 2 1980
1505.61 93.2 2 1981
1505.61 93.2 2 1982
1505.62 93.2 2 1983
1505.62 93.2 2 1984
1505.62 93.2 2 1985
1505.62 93.2 2 1986
1505.62 93.2 2 1987
1505.62 93.2 2 1988
1505.63 93.2 2 1989
1505.63 93.2 2 1990
1505.63 93.2 2 1991
1505.63 93.2 2 1992
1505.64 93.3 2 1993
1505.64 93.3 2 1994
1505.64 93.3 2 1995
1505.64 93.3 2 1996
1505.64 93.3 2 1997
1505.64 93.3 2 1998
1505.65 93.3 2 1999
1505.65 93.3 2 2000
1505.65 93.4 2 2001
1505.65 93.4 2 2002
1505.66 93.4 2 2003
1505.66 93.4 2 2004
1505.66 93.4 2 2005
1505.66 93.4 2 2006
1505.66 93.4 2 2007
1505.67 93.5 2 2008
1505.67 93.5 2 2009
1505.67 93.5 2 2010
1505.67 93.6 2 2011
1505.67 93.6 2 2012
1505.68 93.6 2 2013
1505.68 93.6 2 2014
1505.68 93.6 2 2015
1505.68 93.6 2 2016
1505.69 93.6 2 2017
1505.69 93.6 2 2018
1505.69 93.6 2 2019
1505.69 93.6 2 2020
1505.7 93.6 2 2021
1505.7 93.7 2 2022
1505.7 93.7 2 2023
1505.7 93.7 2 2024
1505.7 93.7 2 2025
1505.71 93.7 2 2026
1505.71 93.7 2 2027
1505.71 93.7 2 2028
1505.71 93.7 2 2029
1505.71 93.7 2 2030
1505.71 93.7 2 2031
1505.71 93.7 2 2032
1505.72 93.7 2 2033
1505.72 93.7 2 2034
1505.72 93.7 2 2035
1505.72 93.8 2 2036
1505.73 93.8 2 2037
1505.73 93.8 2 2038
1505.73 93.8 2 2039
1505.73 93.8 2 2040
1505.73 93.8 2 2041
1505.74 93.8 2 2042
1505.74 93.9 2 2043
1505.74 94 2 2044
1505.74 94 2 2045
1505.74 94 2 2046
1505.75 94.1 2 2047
1505.75 94.1 2 2048
1505.75 94.1 2 2049
1505.75 94.1 2 2050
1505.75 94.1 2 2051
1505.76 94.1 2 2052
1505.76 94.1 2 2053
1505.76 94.1 2 2054
1505.76 94.1 2 2055
1505.76 94.1 2 2056
1505.77 94.1 2 2057
1505.77 94.1 2 2058
1505.77 94.1 2 2059
1505.77 94.1 2 2060
1505.77 94.1 2 2061
1505.77 94.1 2 2062
1505.78 94.1 2 2063
1505.78 94.1 2 2064
1505.78 94.1 2 2065
1505.79 94.2 2 2066
1505.79 94.2 2 2067
1505.79 94.2 2 2068
1505.79 94.2 2 2069
1505.79 94.2 2 2070
1505.8 94.2 2 2071
1505.8 94.2 2 2072
1505.8 94.2 2 2073
1505.8 94.2 2 2074
1505.81 94.3 2 2075
1505.81 94.3 2 2076
1505.81 94.3 2 2077
1505.81 94.3 2 2078
1505.81 94.3 2 2079
1505.82 94.3 2 2080
1505.82 94.3 2 2081
1505.82 94.3 2 2082
1505.82 94.4 2 2083
1505.82 94.4 2 2084
1505.83 94.4 2 2085
1505.83 94.4 2 2086
1505.83 94.4 2 2087
1505.84 94.4 2 2088
1505.84 94.4 2 2089
1505.84 94.4 2 2090
1505.84 94.4 2 2091
1505.84 94.4 2 2092
1505.85 94.4 2 2093
1505.85 94.4 2 2094
1505.85 94.4 2 2095
1505.85 94.4 2 2096
1505.85 94.4 2 2097
1505.86 94.5 2 2098
1505.86 94.5 2 2099
1505.86 94.5 2 2100
1505.86 94.5 2 2101
1505.86 94.5 2 2102
1505.86 94.5 2 2103
1505.87 94.5 2 2104
1505.87 94.5 2 2105
1505.87 94.5 2 2106
1505.87 94.5 2 2107
1505.87 94.5 2 2108
1505.88 94.5 2 2109
1505.88 94.5 2 2110
1505.88 94.6 2 2111
1505.88 94.6 2 2112
1505.88 94.6 2 2113
1505.89 94.6 2 2114
1505.89 94.6 2 2115
1505.89 94.6 2 2116
1505.89 94.6 2 2117
1505.89 94.6 2 2118
1505.9 94.6 2 2119
1505.9 94.6 2 2120
1505.9 94.6 2 2121
1505.9 94.6 2 2122
1505.9 94.6 2 2123
1505.9 94.6 2 2124
1505.9 94.6 2 2125
1505.91 94.6 2 2126
1505.91 94.7 2 2127
1505.91 94.7 2 2128
1505.91 94.7 2 2129
1505.92 94.7 2 2130
1505.92 94.7 2 2131
1505.92 94.7 2 2132
1505.92 94.7 2 2133
1505.92 94.7 2 2134
1505.93 94.7 2 2135
1505.93 94.8 2 2136
1505.93 94.8 2 2137
1505.93 94.8 2 2138
1505.93 94.9 2 2139
1505.94 94.9 2 2140
1505.94 94.9 2 2141
1505.94 94.9 2 2142
1505.94 94.9 2 2143
1505.94 94.9 2 2144
1505.94 94.9 2 2145
1505.95 94.9 2 2146
1505.95 94.9 2 2147
1505.95 94.9 2 2148
1505.95 94.9 2 2149
1505.95 94.9 2 2150
1505.96 94.9 2 2151
1505.96 94.9 2 2152
1505.96 94.9 2 2153
1505.96 94.9 2 2154
1505.96 94.9 2 2155
1505.96 94.9 2 2156
1505.97 94.9 2 2157
1505.97 95 2 2158
1505.97 95 2 2159
1505.97 95.1 2 2160
