1508.41	0.1	86	1
1508.42	0.2	86	2
1508.43	0.3	86	3
1508.44	0.4	86	4
1508.45	0.5	86	5
1508.46	0.6	86	6
1508.47	0.7	86	7
1508.48	0.8	86	8
1508.49	0.9	86	9
1508.5	1	86	10
1508.51	1.1	86	11
1508.52	1.2	86	12
1508.53	1.3	86	13
1508.54	1.4	86	14
1508.55	1.5	86	15
1508.56	1.6	86	16
1508.57	1.7	86	17
1508.58	1.8	86	18
1508.59	1.9	86	19
1508.6	2	86	20
1508.61	2.1	86	21
1508.62	2.2	86	22
1508.63	2.3	86	23
1508.64	2.4	86	24
1508.65	2.5	86	25
1508.66	2.6	86	26
1508.67	2.7	86	27
1508.68	2.8	86	28
1508.69	2.9	86	29
1508.7	3	86	30
1508.71	3.1	86	31
1508.72	3.2	86	32
1508.73	3.3	86	33
1508.74	3.4	86	34
1508.75	3.5	86	35
1508.76	3.6	86	36
1508.77	3.7	86	37
1508.78	3.8	86	38
1508.79	3.9	86	39
1508.8	4	86	40
1508.81	4.1	86	41
1508.82	4.2	86	42
1508.83	4.3	86	43
1508.84	4.4	86	44
1508.85	4.5	86	45
1508.86	4.6	86	46
1508.87	4.7	86	47
1508.88	4.8	86	48
1508.89	4.9	86	49
1508.9	5	86	50
1508.91	5.1	86	51
1508.92	5.2	86	52
1508.93	5.3	86	53
1508.94	5.4	86	54
1508.95	5.5	86	55
1508.96	5.6	86	56
1508.97	5.7	86	57
1508.98	5.8	86	58
1508.99	5.9	86	59
1509	6	86	60
1509.01	6.1	86	61
1509.02	6.2	86	62
1509.03	6.3	86	63
1509.04	6.4	86	64
1509.05	6.5	86	65
1509.06	6.6	86	66
1509.07	6.7	86	67
1509.08	6.8	86	68
1509.09	6.9	86	69
1509.1	7	86	70
1509.11	7.1	86	71
1509.12	7.2	86	72
1509.13	7.3	86	73
1509.14	7.4	86	74
1509.15	7.5	86	75
1509.16	7.6	86	76
1509.17	7.7	86	77
1509.18	7.8	86	78
1509.19	7.9	86	79
1509.2	8	86	80
1509.21	8.1	86	81
1509.22	8.2	86	82
1509.23	8.3	86	83
1509.24	8.4	86	84
1509.25	8.5	86	85
1509.26	8.6	86	86
1509.27	8.7	86	87
1509.28	8.8	86	88
1509.29	8.9	86	89
1509.3	9	86	90
1509.31	9.1	86	91
1509.32	9.2	86	92
1509.33	9.3	86	93
1509.34	9.4	86	94
1509.35	9.5	86	95
1509.36	9.6	86	96
1509.37	9.7	86	97
1509.38	9.8	86	98
1509.39	9.9	86	99
1509.4	10	86	100
1509.41	10.1	86	101
1509.42	10.2	86	102
1509.43	10.3	86	103
1509.44	10.4	86	104
1509.45	10.5	86	105
1509.46	10.6	86	106
1509.47	10.7	86	107
1509.48	10.8	86	108
1509.49	10.9	86	109
1509.5	11	86	110
1509.51	11.1	86	111
1509.52	11.2	86	112
1509.53	11.3	86	113
1509.54	11.4	86	114
1509.55	11.5	86	115
1509.56	11.6	86	116
1509.57	11.7	86	117
1509.58	11.8	86	118
1509.59	11.9	86	119
1509.6	12	86	120
1509.61	12.1	86	121
1509.62	12.2	86	122
1509.63	12.3	86	123
1509.64	12.4	86	124
1509.65	12.5	86	125
1509.66	12.6	86	126
1509.67	12.7	86	127
1509.68	12.8	86	128
1509.69	12.9	86	129
1509.7	13	86	130
1509.71	13.1	86	131
1509.72	13.2	86	132
1509.73	13.3	86	133
1509.74	13.4	86	134
1509.75	13.5	86	135
1509.76	13.6	86	136
1509.77	13.7	86	137
1509.78	13.8	86	138
1509.79	13.9	86	139
1509.8	14	86	140
1509.81	14.1	86	141
1509.82	14.2	86	142
1509.83	14.3	86	143
1509.84	14.4	86	144
1509.85	14.5	86	145
1509.86	14.6	86	146
1509.87	14.7	86	147
1509.88	14.8	86	148
1509.89	14.9	86	149
1509.9	15	86	150
1509.91	15.1	86	151
1509.92	15.2	86	152
1509.93	15.3	86	153
1509.94	15.4	86	154
1509.95	15.5	86	155
1509.96	15.6	86	156
1509.97	15.7	86	157
1509.98	15.8	86	158
1509.99	15.9	86	159
1510	16	86	160
1510.01	16.1	86	161
1510.02	16.2	86	162
1510.03	16.3	86	163
1510.04	16.4	86	164
1510.05	16.5	86	165
1510.06	16.6	86	166
1510.07	16.7	86	167
1510.08	16.8	86	168
1510.09	16.9	86	169
1510.1	17	86	170
1510.11	17.1	86	171
1510.12	17.2	86	172
1510.13	17.3	86	173
1510.14	17.4	86	174
1510.15	17.5	86	175
1510.16	17.6	86	176
1510.17	17.7	86	177
1510.18	17.8	86	178
1510.19	17.9	86	179
1510.2	18	86	180
1510.21	18.1	86	181
1510.22	18.2	86	182
1510.23	18.3	86	183
1510.24	18.4	86	184
1510.25	18.5	86	185
1510.26	18.6	86	186
1510.27	18.7	86	187
1510.28	18.8	86	188
1510.29	18.9	86	189
1510.3	19	86	190
1510.31	19.1	86	191
1510.32	19.2	86	192
1510.33	19.3	86	193
1510.34	19.4	86	194
1510.35	19.5	86	195
1510.36	19.6	86	196
1510.37	19.7	86	197
1510.38	19.8	86	198
1510.39	19.9	86	199
1510.4	20	86	200
1510.41	20.1	86	201
1510.42	20.2	86	202
1510.43	20.3	86	203
1510.44	20.4	86	204
1510.45	20.5	86	205
1510.46	20.6	86	206
1510.47	20.7	86	207
1510.48	20.8	86	208
1510.49	20.9	86	209
1510.5	21	86	210
1510.51	21.1	86	211
1510.52	21.2	86	212
1510.53	21.3	86	213
1510.54	21.4	86	214
1510.55	21.5	86	215
1510.56	21.6	86	216
1510.57	21.7	86	217
1510.58	21.8	86	218
1510.59	21.9	86	219
1510.6	22	86	220
1510.61	22.1	86	221
1510.62	22.2	86	222
1510.63	22.3	86	223
1510.64	22.4	86	224
1510.65	22.5	86	225
1510.66	22.6	86	226
1510.67	22.7	86	227
1510.68	22.8	86	228
1510.69	22.9	86	229
1510.7	23	86	230
1510.71	23.1	86	231
1510.72	23.2	86	232
1510.73	23.3	86	233
1510.74	23.4	86	234
1510.75	23.5	86	235
1510.76	23.6	86	236
1510.77	23.7	86	237
1510.78	23.8	86	238
1510.79	23.9	86	239
1510.8	24	86	240
1510.81	24.1	86	241
1510.82	24.2	86	242
1510.83	24.3	86	243
1510.84	24.4	86	244
1510.85	24.5	86	245
1510.86	24.6	86	246
1510.87	24.7	86	247
1510.88	24.8	86	248
1510.89	24.9	86	249
1510.9	25	86	250
1510.91	25.1	86	251
1510.92	25.2	86	252
1510.93	25.3	86	253
1510.94	25.4	86	254
1510.95	25.5	86	255
1510.96	25.6	86	256
1510.97	25.7	86	257
1510.98	25.8	86	258
1510.99	25.9	86	259
1511	26	86	260
1511.01	26.1	86	261
1511.02	26.2	86	262
1511.03	26.3	86	263
1511.04	26.4	86	264
1511.05	26.5	86	265
1511.06	26.6	86	266
1511.07	26.7	86	267
1511.08	26.8	86	268
1511.09	26.9	86	269
1511.1	27	86	270
1511.11	27.1	86	271
1511.12	27.2	86	272
1511.13	27.3	86	273
1511.14	27.4	86	274
1511.15	27.5	86	275
1511.16	27.6	86	276
1511.17	27.7	86	277
1511.18	27.8	86	278
1511.19	27.9	86	279
1511.2	28	86	280
1511.21	28.1	86	281
1511.22	28.2	86	282
1511.23	28.3	86	283
1511.24	28.4	86	284
1511.25	28.5	86	285
1511.26	28.6	86	286
1511.27	28.7	86	287
1511.28	28.8	86	288
1511.29	28.9	86	289
1511.3	29	86	290
1511.31	29.1	86	291
1511.32	29.2	86	292
1511.33	29.3	86	293
1511.34	29.4	86	294
1511.35	29.5	86	295
1511.36	29.6	86	296
1511.37	29.7	86	297
1511.38	29.8	86	298
1511.39	29.9	86	299
1511.4	30	86	300
1511.41	30.1	86	301
1511.42	30.2	86	302
1511.43	30.3	86	303
1511.44	30.4	86	304
1511.45	30.5	86	305
1511.46	30.6	86	306
1511.47	30.7	86	307
1511.48	30.8	86	308
1511.49	30.9	86	309
1511.5	31	86	310
1511.51	31.1	86	311
1511.52	31.2	86	312
1511.53	31.3	86	313
1511.54	31.4	86	314
1511.55	31.5	86	315
1511.56	31.6	86	316
1511.57	31.7	86	317
1511.58	31.8	86	318
1511.59	31.9	86	319
1511.6	32	86	320
1511.61	32.1	86	321
1511.62	32.2	86	322
1511.63	32.3	86	323
1511.64	32.4	86	324
1511.65	32.5	86	325
1511.66	32.6	86	326
1511.67	32.7	86	327
1511.68	32.8	86	328
1511.69	32.9	86	329
1511.7	33	86	330
1511.71	33.1	86	331
1511.72	33.2	86	332
1511.73	33.3	86	333
1511.74	33.4	86	334
1511.75	33.5	86	335
1511.76	33.6	86	336
1511.77	33.7	86	337
1511.78	33.8	86	338
1511.79	33.9	86	339
1511.8	34	86	340
1511.81	34.1	86	341
1511.82	34.2	86	342
1511.83	34.3	86	343
1511.84	34.4	86	344
1511.85	34.5	86	345
1511.86	34.6	86	346
1511.87	34.7	86	347
1511.88	34.8	86	348
1511.89	34.9	86	349
1511.9	35	86	350
1511.91	35.1	86	351
1511.92	35.2	86	352
1511.93	35.3	86	353
1511.94	35.4	86	354
1511.95	35.5	86	355
1511.96	35.6	86	356
1511.97	35.7	86	357
1511.98	35.8	86	358
1511.99	35.9	86	359
1512	36	86	360
1512.01	36.1	86	361
1512.02	36.2	86	362
1512.03	36.3	86	363
1512.04	36.4	86	364
1512.05	36.5	86	365
1512.06	36.6	86	366
1512.07	36.7	86	367
1512.08	36.8	86	368
1512.09	36.9	86	369
1512.1	37	86	370
1512.11	37.1	86	371
1512.12	37.2	86	372
1512.13	37.3	86	373
1512.14	37.4	86	374
1512.15	37.5	86	375
1512.16	37.6	86	376
1512.17	37.7	86	377
1512.18	37.8	86	378
1512.19	37.9	86	379
1512.2	38	86	380
1512.21	38.1	86	381
1512.22	38.2	86	382
1512.23	38.3	86	383
1512.24	38.4	86	384
1512.25	38.5	86	385
1512.26	38.6	86	386
1512.27	38.7	86	387
1512.28	38.8	86	388
1512.29	38.9	86	389
1512.3	39	86	390
1512.31	39.1	86	391
1512.32	39.2	86	392
1512.33	39.3	86	393
1512.34	39.4	86	394
1512.35	39.5	86	395
1512.36	39.6	86	396
1512.37	39.7	86	397
1512.38	39.8	86	398
1512.39	39.9	86	399
1512.4	40	86	400
1512.41	40.1	86	401
1512.42	40.2	86	402
1512.43	40.3	86	403
1512.44	40.4	86	404
1512.45	40.5	86	405
1512.46	40.6	86	406
1512.47	40.7	86	407
1512.48	40.8	86	408
1512.49	40.9	86	409
1512.5	41	86	410
1512.51	41.1	86	411
1512.52	41.2	86	412
1512.53	41.3	86	413
1512.54	41.4	86	414
1512.55	41.5	86	415
1512.56	41.6	86	416
1512.57	41.7	86	417
1512.58	41.8	86	418
1512.59	41.9	86	419
1512.6	42	86	420
1512.61	42.1	86	421
1512.62	42.2	86	422
1512.63	42.3	86	423
1512.64	42.4	86	424
1512.65	42.5	86	425
1512.66	42.6	86	426
1512.67	42.7	86	427
1512.68	42.8	86	428
1512.69	42.9	86	429
1512.7	43	86	430
1512.71	43.1	86	431
1512.72	43.2	86	432
1512.73	43.3	86	433
1512.74	43.4	86	434
1512.75	43.5	86	435
1512.76	43.6	86	436
1512.77	43.7	86	437
1512.78	43.8	86	438
1512.79	43.9	86	439
1512.8	44	86	440
1512.81	44.1	86	441
1512.82	44.2	86	442
1512.83	44.3	86	443
1512.84	44.4	86	444
1512.85	44.5	86	445
1512.86	44.6	86	446
1512.87	44.7	86	447
1512.88	44.8	86	448
1512.89	44.9	86	449
1512.9	45	86	450
1512.91	45.1	86	451
1512.92	45.2	86	452
1512.93	45.3	86	453
1512.94	45.4	86	454
1512.95	45.5	86	455
1512.96	45.6	86	456
1512.97	45.7	86	457
1512.98	45.8	86	458
1512.99	45.9	86	459
1513	46	86	460
1513.01	46.1	86	461
1513.02	46.2	86	462
1513.03	46.3	86	463
1513.04	46.4	86	464
1513.05	46.5	86	465
1513.06	46.6	86	466
1513.07	46.7	86	467
1513.08	46.8	86	468
1513.09	46.9	86	469
1513.1	47	86	470
1513.11	47.1	86	471
1513.12	47.2	86	472
1513.13	47.3	86	473
1513.14	47.4	86	474
1513.15	47.5	86	475
1513.16	47.6	86	476
1513.17	47.7	86	477
1513.18	47.8	86	478
1513.19	47.9	86	479
1513.2	48	86	480
1513.21	48.1	86	481
1513.22	48.2	86	482
1513.23	48.3	86	483
1513.24	48.4	86	484
1513.25	48.5	86	485
1513.26	48.6	86	486
1513.27	48.7	86	487
1513.28	48.8	86	488
1513.29	48.9	86	489
1513.3	49	86	490
1513.31	49.1	86	491
1513.32	49.2	86	492
1513.33	49.3	86	493
1513.34	49.4	86	494
1513.35	49.5	86	495
1513.36	49.6	86	496
1513.37	49.7	86	497
1513.38	49.8	86	498
1513.39	49.9	86	499
1513.4	50	86	500
1513.41	50.1	86	501
1513.42	50.2	86	502
1513.43	50.3	86	503
1513.44	50.4	86	504
1513.45	50.5	86	505
1513.46	50.6	86	506
1513.47	50.7	86	507
1513.48	50.8	86	508
1513.49	50.9	86	509
1513.5	51	86	510
1513.51	51.1	86	511
1513.52	51.2	86	512
1513.53	51.3	86	513
1513.54	51.4	86	514
1513.55	51.5	86	515
1513.56	51.6	86	516
1513.57	51.7	86	517
1513.58	51.8	86	518
1513.59	51.9	86	519
1513.6	52	86	520
1513.61	52.1	86	521
1513.62	52.2	86	522
1513.63	52.3	86	523
1513.64	52.4	86	524
1513.65	52.5	86	525
1513.66	52.6	86	526
1513.67	52.7	86	527
1513.68	52.8	86	528
1513.69	52.9	86	529
1513.7	53	86	530
1513.71	53.1	86	531
1513.72	53.2	86	532
1513.73	53.3	86	533
1513.74	53.4	86	534
1513.75	53.5	86	535
1513.76	53.6	86	536
1513.77	53.7	86	537
1513.78	53.8	86	538
1513.79	53.9	86	539
1513.8	54	86	540
1513.81	54.1	86	541
1513.82	54.2	86	542
1513.83	54.3	86	543
1513.84	54.4	86	544
1513.85	54.5	86	545
1513.86	54.6	86	546
1513.87	54.7	86	547
1513.88	54.8	86	548
1513.89	54.9	86	549
1513.9	55	86	550
1513.91	55.1	86	551
1513.92	55.2	86	552
1513.93	55.3	86	553
1513.94	55.4	86	554
1513.95	55.5	86	555
1513.96	55.6	86	556
1513.97	55.7	86	557
1513.98	55.8	86	558
1513.99	55.9	86	559
1514	56	86	560
1514.01	56.1	86	561
1514.02	56.2	86	562
1514.03	56.3	86	563
1514.04	56.4	86	564
1514.05	56.5	86	565
1514.06	56.6	86	566
1514.07	56.7	86	567
1514.08	56.8	86	568
1514.09	56.9	86	569
1514.1	57	86	570
1514.11	57.1	86	571
1514.12	57.2	86	572
1514.13	57.3	86	573
1514.14	57.4	86	574
1514.15	57.5	86	575
1514.16	57.6	86	576
1514.17	57.7	86	577
1514.18	57.8	86	578
1514.19	57.9	86	579
1514.2	58	86	580
1514.21	58.1	86	581
1514.22	58.2	86	582
1514.23	58.3	86	583
1514.24	58.4	86	584
1514.25	58.5	86	585
1514.26	58.6	86	586
1514.27	58.7	86	587
1514.28	58.8	86	588
1514.29	58.9	86	589
1514.3	59	86	590
1514.31	59.1	86	591
1514.32	59.2	86	592
1514.33	59.3	86	593
1514.34	59.4	86	594
1514.35	59.5	86	595
1514.36	59.6	86	596
1514.37	59.7	86	597
1514.38	59.8	86	598
1514.39	59.9	86	599
1514.4	60	86	600
1514.41	60.1	86	601
1514.42	60.2	86	602
1514.43	60.3	86	603
1514.44	60.4	86	604
1514.45	60.5	86	605
1514.46	60.6	86	606
1514.47	60.7	86	607
1514.48	60.8	86	608
1514.49	60.9	86	609
1514.5	61	86	610
1514.51	61.1	86	611
1514.52	61.2	86	612
1514.53	61.3	86	613
1514.54	61.4	86	614
1514.55	61.5	86	615
1514.56	61.6	86	616
1514.57	61.7	86	617
1514.58	61.8	86	618
1514.59	61.9	86	619
1514.6	62	86	620
1514.61	62.1	86	621
1514.62	62.2	86	622
1514.63	62.3	86	623
1514.64	62.4	86	624
1514.65	62.5	86	625
1514.66	62.6	86	626
1514.67	62.7	86	627
1514.68	62.8	86	628
1514.69	62.9	86	629
1514.7	63	86	630
1514.71	63.1	86	631
1514.72	63.2	86	632
1514.73	63.3	86	633
1514.74	63.4	86	634
1514.75	63.5	86	635
1514.76	63.6	86	636
1514.77	63.7	86	637
1514.78	63.8	86	638
1514.79	63.9	86	639
1514.8	64	86	640
1514.81	64.1	86	641
1514.82	64.2	86	642
1514.83	64.3	86	643
1514.84	64.4	86	644
1514.85	64.5	86	645
1514.86	64.6	86	646
1514.87	64.7	86	647
1514.88	64.8	86	648
1514.89	64.9	86	649
1514.9	65	86	650
1514.91	65.1	86	651
1514.92	65.2	86	652
1514.93	65.3	86	653
1514.94	65.4	86	654
1514.95	65.5	86	655
1514.96	65.6	86	656
1514.97	65.7	86	657
1514.98	65.8	86	658
1514.99	65.9	86	659
1515	66	86	660
1515.01	66.1	86	661
1515.02	66.2	86	662
1515.03	66.3	86	663
1515.04	66.4	86	664
1515.05	66.5	86	665
1515.06	66.6	86	666
1515.07	66.7	86	667
1515.08	66.8	86	668
1515.09	66.9	86	669
1515.1	67	86	670
1515.11	67.1	86	671
1515.12	67.2	86	672
1515.13	67.3	86	673
1515.14	67.4	86	674
1515.15	67.5	86	675
1515.16	67.6	86	676
1515.17	67.7	86	677
1515.18	67.8	86	678
1515.19	67.9	86	679
1515.2	68	86	680
1515.21	68.1	86	681
1515.22	68.2	86	682
1515.23	68.3	86	683
1515.24	68.4	86	684
1515.25	68.5	86	685
1515.26	68.6	86	686
1515.27	68.7	86	687
1515.28	68.8	86	688
1515.29	68.9	86	689
1515.3	69	86	690
1515.31	69.1	86	691
1515.32	69.2	86	692
1515.33	69.3	86	693
1515.34	69.4	86	694
1515.35	69.5	86	695
1515.36	69.6	86	696
1515.37	69.7	86	697
1515.38	69.8	86	698
1515.39	69.9	86	699
1515.4	70	86	700
1515.41	70.1	86	701
1515.42	70.2	86	702
1515.43	70.3	86	703
1515.44	70.4	86	704
1515.45	70.5	86	705
1515.46	70.6	86	706
1515.47	70.7	86	707
1515.48	70.8	86	708
1515.49	70.9	86	709
1515.5	71	86	710
1515.51	71.1	86	711
1515.52	71.2	86	712
1515.53	71.3	86	713
1515.54	71.4	86	714
1515.55	71.5	86	715
1515.56	71.6	86	716
1515.57	71.7	86	717
1515.58	71.8	86	718
1515.59	71.9	86	719
1515.6	72	86	720
1515.61	72.1	86	721
1515.62	72.2	86	722
1515.63	72.3	86	723
1515.64	72.4	86	724
1515.65	72.5	86	725
1515.66	72.6	86	726
1515.67	72.7	86	727
1515.68	72.8	86	728
1515.69	72.9	86	729
1515.7	73	86	730
1515.71	73.1	86	731
1515.72	73.2	86	732
1515.73	73.3	86	733
1515.74	73.4	86	734
1515.75	73.5	86	735
1515.76	73.6	86	736
1515.77	73.7	86	737
1515.78	73.8	86	738
1515.79	73.9	86	739
1515.8	74	86	740
1515.81	74.1	86	741
1515.82	74.2	86	742
1515.83	74.3	86	743
1515.84	74.4	86	744
1515.85	74.5	86	745
1515.86	74.6	86	746
1515.87	74.7	86	747
1515.88	74.8	86	748
1515.89	74.9	86	749
1515.9	75	86	750
1515.91	75.1	86	751
1515.92	75.2	86	752
1515.93	75.3	86	753
1515.94	75.4	86	754
1515.95	75.5	86	755
1515.96	75.6	86	756
1515.97	75.7	86	757
1515.98	75.8	86	758
1515.99	75.9	86	759
1516	76	86	760
1516.01	76.1	86	761
1516.02	76.2	86	762
1516.03	76.3	86	763
1516.04	76.4	86	764
1516.05	76.5	86	765
1516.06	76.6	86	766
1516.07	76.7	86	767
1516.08	76.8	86	768
1516.09	76.9	86	769
1516.1	77	86	770
1516.11	77.1	86	771
1516.12	77.2	86	772
1516.13	77.3	86	773
1516.14	77.4	86	774
1516.15	77.5	86	775
1516.16	77.6	86	776
1516.17	77.7	86	777
1516.18	77.8	86	778
1516.19	77.9	86	779
1516.2	78	86	780
1516.21	78.1	86	781
1516.22	78.2	86	782
1516.23	78.3	86	783
1516.24	78.4	86	784
1516.25	78.5	86	785
1516.26	78.6	86	786
1516.27	78.7	86	787
1516.28	78.8	86	788
1516.29	78.9	86	789
1516.3	79	86	790
1516.31	79.1	86	791
1516.32	79.2	86	792
1516.33	79.3	86	793
1516.34	79.4	86	794
1516.35	79.5	86	795
1516.36	79.6	86	796
1516.37	79.7	86	797
1516.38	79.8	86	798
1516.39	79.9	86	799
1516.4	80	86	800
1516.41	80.1	86	801
1516.42	80.2	86	802
1516.43	80.3	86	803
1516.44	80.4	86	804
1516.45	80.5	86	805
1516.46	80.6	86	806
1516.47	80.7	86	807
1516.48	80.8	86	808
1516.49	80.9	86	809
1516.5	81	86	810
1516.51	81.1	86	811
1516.52	81.2	86	812
1516.53	81.3	86	813
1516.54	81.4	86	814
1516.55	81.5	86	815
1516.56	81.6	86	816
1516.57	81.7	86	817
1516.58	81.8	86	818
1516.59	81.9	86	819
1516.6	82	86	820
1516.61	82.1	86	821
1516.62	82.2	86	822
1516.63	82.3	86	823
1516.64	82.4	86	824
1516.65	82.5	86	825
1516.66	82.6	86	826
1516.67	82.7	86	827
1516.68	82.8	86	828
1516.69	82.9	86	829
1516.7	83	86	830
1516.71	83.1	86	831
1516.72	83.2	86	832
1516.73	83.3	86	833
1516.74	83.4	86	834
1516.75	83.5	86	835
1516.76	83.6	86	836
1516.77	83.7	86	837
1516.78	83.8	86	838
1516.79	83.9	86	839
1516.8	84	86	840
1516.81	84.1	86	841
1516.82	84.2	86	842
1516.83	84.3	86	843
1516.84	84.4	86	844
1516.85	84.5	86	845
1516.86	84.6	86	846
1516.87	84.7	86	847
1516.88	84.8	86	848
1516.89	84.9	86	849
1516.9	85	86	850
1516.91	85.1	86	851
1516.92	85.2	86	852
1516.93	85.3	86	853
1516.94	85.4	86	854
1516.95	85.5	86	855
1516.96	85.6	86	856
1516.97	85.7	86	857
1516.98	85.8	86	858
1516.99	85.9	86	859
1517	86	86	860
1517.01	86.1	86	861
1517.02	86.2	86	862
1517.03	86.3	86	863
1517.04	86.4	86	864
1517.05	86.5	86	865
1517.06	86.6	86	866
1517.07	86.7	86	867
1517.08	86.8	86	868
1517.09	86.9	86	869
1517.1	87	86	870
1517.11	87.1	86	871
1517.12	87.2	86	872
1517.13	87.3	86	873
1517.14	87.4	86	874
1517.15	87.5	86	875
1517.16	87.6	86	876
1517.17	87.7	86	877
1517.18	87.8	86	878
1517.19	87.9	86	879
1517.2	88	86	880
1517.21	88.1	86	881
1517.22	88.2	86	882
1517.23	88.3	86	883
1517.24	88.4	86	884
1517.25	88.5	86	885
1517.26	88.6	86	886
1517.27	88.7	86	887
1517.28	88.8	86	888
1517.29	88.9	86	889
1517.3	89	86	890
1517.31	89.1	86	891
1517.32	89.2	86	892
1517.33	89.3	86	893
1517.34	89.4	86	894
1517.35	89.5	86	895
1517.36	89.6	86	896
1517.37	89.7	86	897
1517.38	89.8	86	898
1517.39	89.9	86	899
1517.4	90	86	900
1517.41	90.1	86	901
1517.42	90.2	86	902
1517.43	90.3	86	903
1517.44	90.4	86	904
1517.45	90.5	86	905
1517.46	90.6	86	906
1517.47	90.7	86	907
1517.48	90.8	86	908
1517.49	90.9	86	909
1517.5	91	86	910
1517.51	91.1	86	911
1517.52	91.2	86	912
1517.53	91.3	86	913
1517.54	91.4	86	914
1517.55	91.5	86	915
1517.56	91.6	86	916
1517.57	91.7	86	917
1517.58	91.8	86	918
1517.59	91.9	86	919
1517.6	92	86	920
1517.61	92.1	86	921
1517.62	92.2	86	922
1517.63	92.3	86	923
1517.64	92.4	86	924
1517.65	92.5	86	925
1517.66	92.6	86	926
1517.67	92.7	86	927
1517.68	92.8	86	928
1517.69	92.9	86	929
1517.7	93	86	930
1517.71	93.1	86	931
1517.72	93.2	86	932
1517.73	93.3	86	933
1517.74	93.4	86	934
1517.75	93.5	86	935
1517.76	93.6	86	936
1517.77	93.7	86	937
1517.78	93.8	86	938
1517.79	93.9	86	939
1517.8	94	86	940
1517.81	94.1	86	941
1517.82	94.2	86	942
1517.83	94.3	86	943
1517.84	94.4	86	944
1517.85	94.5	86	945
1517.86	94.6	86	946
1517.87	94.7	86	947
1517.88	94.8	86	948
1517.89	94.9	86	949
1517.9	95	86	950
1517.91	95.1	86	951
1517.92	95.2	86	952
1517.93	95.3	86	953
1517.94	95.4	86	954
1517.95	95.5	86	955
1517.96	95.6	86	956
1517.97	95.7	86	957
1517.98	95.8	86	958
1517.99	95.9	86	959
1518	96	86	960
1518.01	96.1	86	961
1518.02	96.2	86	962
1518.03	96.3	86	963
1518.04	96.4	86	964
1518.05	96.5	86	965
1518.06	96.6	86	966
1518.07	96.7	86	967
1518.08	96.8	86	968
1518.09	96.9	86	969
1518.1	97	86	970
1518.11	97.1	86	971
1518.12	97.2	86	972
1518.13	97.3	86	973
1518.14	97.4	86	974
1518.15	97.5	86	975
1518.16	97.6	86	976
1518.17	97.7	86	977
1518.18	97.8	86	978
1518.19	97.9	86	979
1518.2	98	86	980
1518.21	98.1	86	981
1518.22	98.2	86	982
1518.23	98.3	86	983
1518.24	98.4	86	984
1518.25	98.5	86	985
1518.26	98.6	86	986
1518.27	98.7	86	987
1518.28	98.8	86	988
1518.29	98.9	86	989
1518.3	99	86	990
1518.31	99.1	86	991
1518.32	99.2	86	992
1518.33	99.3	86	993
1518.34	99.4	86	994
1518.35	99.5	86	995
1518.36	99.6	86	996
1518.37	99.7	86	997
1518.38	99.8	86	998
1518.39	99.9	86	999
1518.4	100	86	1000
1518.41	100	86	1001
1518.42	100	86	1002
1518.43	100	86	1003
1518.44	100	86	1004
1518.45	100	86	1005
1518.46	100	86	1006
1518.47	100	86	1007
1518.48	100	86	1008
1518.49	100	86	1009
1518.5	100	86	1010
1518.51	100	86	1011
1518.52	100	86	1012
1518.53	100	86	1013
1518.54	100	86	1014
1518.55	100	86	1015
1518.56	100	86	1016
1518.57	100	86	1017
1518.58	100	86	1018
1518.59	100	86	1019
1518.6	100	86	1020
1518.61	100	86	1021
1518.62	100	86	1022
1518.63	100	86	1023
1518.64	100	86	1024
1518.65	100	86	1025
1518.66	100	86	1026
1518.67	100	86	1027
1518.68	100	86	1028
1518.69	100	86	1029
1518.7	100	86	1030
1518.71	100	86	1031
1518.72	100	86	1032
1518.73	100	86	1033
1518.74	100	86	1034
1518.75	100	86	1035
1518.76	100	86	1036
1518.77	100	86	1037
1518.78	100	86	1038
1518.79	100	86	1039
1518.8	100	86	1040
1518.81	100	86	1041
1518.82	100	86	1042
1518.83	100	86	1043
1518.84	100	86	1044
1518.85	100	86	1045
1518.86	100	86	1046
1518.87	100	86	1047
1518.88	100	86	1048
1518.89	100	86	1049
1518.9	100	86	1050
1518.91	100	86	1051
1518.92	100	86	1052
1518.93	100	86	1053
1518.94	100	86	1054
1518.95	100	86	1055
1518.96	100	86	1056
1518.97	100	86	1057
1518.98	100	86	1058
1518.99	100	86	1059
1519	100	86	1060
1519.01	100	86	1061
1519.02	100	86	1062
1519.03	100	86	1063
1519.04	100	86	1064
1519.05	100	86	1065
1519.06	100	86	1066
1519.07	100	86	1067
1519.08	100	86	1068
1519.09	100	86	1069
1519.1	100	86	1070
1519.11	100	86	1071
1519.12	100	86	1072
1519.13	100	86	1073
1519.14	100	86	1074
1519.15	100	86	1075
1519.16	100	86	1076
1519.17	100	86	1077
1519.18	100	86	1078
1519.19	100	86	1079
1519.2	100	86	1080
1519.21	100	86	1081
1519.22	100	86	1082
1519.23	100	86	1083
1519.24	100	86	1084
1519.25	100	86	1085
1519.26	100	86	1086
1519.27	100	86	1087
1519.28	100	86	1088
1519.29	100	86	1089
1519.3	100	86	1090
1519.31	100	86	1091
1519.32	100	86	1092
1519.33	100	86	1093
1519.34	100	86	1094
1519.35	100	86	1095
1519.36	100	86	1096
1519.37	100	86	1097
1519.38	100	86	1098
1519.39	100	86	1099
1519.4	100	86	1100
