1502 0 1 1
1502.01 0.02 1 2
1502.02 0.04 1 3
1502.03 0.06 1 4
1502.04 0.08 1 5
1502.05 0.1 1 6
1502.06 0.12 1 7
1502.07 0.14 1 8
1502.08 0.16 1 9
1502.09 0.18 1 10
1502.1 0.2 1 11
1502.11 0.22 1 12
1502.12 0.24 1 13
1502.13 0.26 1 14
1502.14 0.28 1 15
1502.15 0.3 1 16
1502.16 0.32 1 17
1502.17 0.34 1 18
1502.18 0.36 1 19
1502.19 0.38 1 20
1502.2 0.4 1 21
1502.21 0.42 1 22
1502.22 0.44 1 23
1502.23 0.46 1 24
1502.24 0.48 1 25
1502.25 0.5 1 26
1502.26 0.52 1 27
1502.27 0.54 1 28
1502.28 0.56 1 29
1502.29 0.58 1 30
1502.3 0.6 1 31
1502.31 0.62 1 32
1502.32 0.64 1 33
1502.33 0.66 1 34
1502.34 0.68 1 35
1502.35 0.7 1 36
1502.36 0.72 1 37
1502.37 0.74 1 38
1502.38 0.76 1 39
1502.39 0.78 1 40
1502.4 0.8 1 41
1502.41 0.82 1 42
1502.42 0.84 1 43
1502.43 0.86 1 44
1502.44 0.88 1 45
1502.45 0.9 1 46
1502.46 0.92 1 47
1502.47 0.94 1 48
1502.48 0.96 1 49
1502.49 0.98 1 50
1502.5 1 1 51
1502.51 1.02 1 52
1502.52 1.04 1 53
1502.53 1.06 1 54
1502.54 1.08 1 55
1502.55 1.1 1 56
1502.56 1.12 1 57
1502.57 1.14 1 58
1502.58 1.16 1 59
1502.59 1.18 1 60
1502.6 1.2 1 61
1502.61 1.22 1 62
1502.62 1.24 1 63
1502.63 1.26 1 64
1502.64 1.28 1 65
1502.65 1.3 1 66
1502.66 1.32 1 67
1502.67 1.34 1 68
1502.68 1.36 1 69
1502.69 1.38 1 70
1502.7 1.4 1 71
1502.71 1.42 1 72
1502.72 1.44 1 73
1502.73 1.46 1 74
1502.74 1.48 1 75
1502.75 1.5 1 76
1502.76 1.52 1 77
1502.77 1.54 1 78
1502.78 1.56 1 79
1502.79 1.58 1 80
1502.8 1.6 1 81
1502.81 1.62 1 82
1502.82 1.64 1 83
1502.83 1.66 1 84
1502.84 1.68 1 85
1502.85 1.7 1 86
1502.86 1.72 1 87
1502.87 1.74 1 88
1502.88 1.76 1 89
1502.89 1.78 1 90
1502.9 1.8 1 91
1502.91 1.82 1 92
1502.92 1.84 1 93
1502.93 1.86 1 94
1502.94 1.88 1 95
1502.95 1.9 1 96
1502.96 1.92 1 97
1502.97 1.94 1 98
1502.98 1.96 1 99
1502.99 1.98 1 100
1503 2 1 101
1503.01 2.02 1 102
1503.02 2.04 1 103
1503.03 2.06 1 104
1503.04 2.08 1 105
1503.05 2.1 1 106
1503.06 2.12 1 107
1503.07 2.14 1 108
1503.08 2.16 1 109
1503.09 2.18 1 110
1503.1 2.2 1 111
1503.11 2.22 1 112
1503.12 2.24 1 113
1503.13 2.26 1 114
1503.14 2.28 1 115
1503.15 2.3 1 116
1503.16 2.32 1 117
1503.17 2.34 1 118
1503.18 2.36 1 119
1503.19 2.38 1 120
1503.2 2.4 1 121
1503.21 2.42 1 122
1503.22 2.44 1 123
1503.23 2.46 1 124
1503.24 2.48 1 125
1503.25 2.5 1 126
1503.26 2.52 1 127
1503.27 2.54 1 128
1503.28 2.56 1 129
1503.29 2.58 1 130
1503.3 2.6 1 131
1503.31 2.62 1 132
1503.32 2.64 1 133
1503.33 2.66 1 134
1503.34 2.68 1 135
1503.35 2.7 1 136
1503.36 2.72 1 137
1503.37 2.74 1 138
1503.38 2.76 1 139
1503.39 2.78 1 140
1503.4 2.8 1 141
1503.41 2.82 1 142
1503.42 2.84 1 143
1503.43 2.86 1 144
1503.44 2.88 1 145
1503.45 2.9 1 146
1503.46 2.92 1 147
1503.47 2.94 1 148
1503.48 2.96 1 149
1503.49 2.98 1 150
1503.5 3 1 151
1503.51 3.02 1 152
1503.52 3.04 1 153
1503.53 3.06 1 154
1503.54 3.08 1 155
1503.55 3.1 1 156
1503.56 3.12 1 157
1503.57 3.14 1 158
1503.58 3.16 1 159
1503.59 3.18 1 160
1503.6 3.2 1 161
1503.61 3.22 1 162
1503.62 3.24 1 163
1503.63 3.26 1 164
1503.64 3.28 1 165
1503.65 3.3 1 166
1503.66 3.32 1 167
1503.67 3.34 1 168
1503.68 3.36 1 169
1503.69 3.38 1 170
1503.7 3.4 1 171
1503.71 3.42 1 172
1503.72 3.44 1 173
1503.73 3.46 1 174
1503.74 3.48 1 175
1503.75 3.5 1 176
1503.76 3.52 1 177
1503.77 3.54 1 178
1503.78 3.56 1 179
1503.79 3.58 1 180
1503.8 3.6 1 181
1503.81 3.62 1 182
1503.82 3.64 1 183
1503.83 3.66 1 184
1503.84 3.68 1 185
1503.85 3.7 1 186
1503.86 3.72 1 187
1503.87 3.74 1 188
1503.88 3.76 1 189
1503.89 3.78 1 190
1503.9 3.8 1 191
1503.91 3.82 1 192
1503.92 3.84 1 193
1503.93 3.86 1 194
1503.94 3.88 1 195
1503.95 3.9 1 196
1503.96 3.92 1 197
1503.97 3.94 1 198
1503.98 3.96 1 199
1503.99 3.98 1 200
1504 4 1 201
1504.01 4.02 1 202
1504.02 4.04 1 203
1504.03 4.06 1 204
1504.04 4.08 1 205
1504.05 4.1 1 206
1504.06 4.12 1 207
1504.07 4.14 1 208
1504.08 4.16 1 209
1504.09 4.18 1 210
1504.1 4.2 1 211
1504.11 4.22 1 212
1504.12 4.24 1 213
1504.13 4.26 1 214
1504.14 4.28 1 215
1504.15 4.3 1 216
1504.16 4.32 1 217
1504.17 4.34 1 218
1504.18 4.36 1 219
1504.19 4.38 1 220
1504.2 4.4 1 221
1504.21 4.42 1 222
1504.22 4.44 1 223
1504.23 4.46 1 224
1504.24 4.48 1 225
1504.25 4.5 1 226
1504.26 4.52 1 227
1504.27 4.54 1 228
1504.28 4.56 1 229
1504.29 4.58 1 230
1504.3 4.6 1 231
1504.31 4.62 1 232
1504.32 4.64 1 233
1504.33 4.66 1 234
1504.34 4.68 1 235
1504.35 4.7 1 236
1504.36 4.72 1 237
1504.37 4.74 1 238
1504.38 4.76 1 239
1504.39 4.78 1 240
1504.4 4.8 1 241
1504.41 4.82 1 242
1504.42 4.84 1 243
1504.43 4.86 1 244
1504.44 4.88 1 245
1504.45 4.9 1 246
1504.46 4.92 1 247
1504.47 4.94 1 248
1504.48 4.96 1 249
1504.49 4.98 1 250
1504.5 5 1 251
1504.51 5.02 1 252
1504.52 5.04 1 253
1504.53 5.06 1 254
1504.54 5.08 1 255
1504.55 5.1 1 256
1504.56 5.12 1 257
1504.57 5.14 1 258
1504.58 5.16 1 259
1504.59 5.18 1 260
1504.6 5.2 1 261
1504.61 5.22 1 262
1504.62 5.24 1 263
1504.63 5.26 1 264
1504.64 5.28 1 265
1504.65 5.3 1 266
1504.66 5.32 1 267
1504.67 5.34 1 268
1504.68 5.36 1 269
1504.69 5.38 1 270
1504.7 5.4 1 271
1504.71 5.42 1 272
1504.72 5.44 1 273
1504.73 5.46 1 274
1504.74 5.48 1 275
1504.75 5.5 1 276
1504.76 5.52 1 277
1504.77 5.54 1 278
1504.78 5.56 1 279
1504.79 5.58 1 280
1504.8 5.6 1 281
1504.81 5.62 1 282
1504.82 5.64 1 283
1504.83 5.66 1 284
1504.84 5.68 1 285
1504.85 5.7 1 286
1504.86 5.72 1 287
1504.87 5.74 1 288
1504.88 5.76 1 289
1504.89 5.78 1 290
1504.9 5.8 1 291
1504.91 5.82 1 292
1504.92 5.84 1 293
1504.93 5.86 1 294
1504.94 5.88 1 295
1504.95 5.9 1 296
1504.96 5.92 1 297
1504.97 5.94 1 298
1504.98 5.96 1 299
1504.99 5.98 1 300
1505 6 1 301
1505.01 6.02 1 302
1505.02 6.04 1 303
1505.03 6.06 1 304
1505.04 6.08 1 305
1505.05 6.1 1 306
1505.06 6.12 1 307
1505.07 6.14 1 308
1505.08 6.16 1 309
1505.09 6.18 1 310
1505.1 6.2 1 311
1505.11 6.22 1 312
1505.12 6.24 1 313
1505.13 6.26 1 314
1505.14 6.28 1 315
1505.15 6.3 1 316
1505.16 6.32 1 317
1505.17 6.34 1 318
1505.18 6.36 1 319
1505.19 6.38 1 320
1505.2 6.4 1 321
1505.21 6.42 1 322
1505.22 6.44 1 323
1505.23 6.46 1 324
1505.24 6.48 1 325
1505.25 6.5 1 326
1505.26 6.52 1 327
1505.27 6.54 1 328
1505.28 6.56 1 329
1505.29 6.58 1 330
1505.3 6.6 1 331
1505.31 6.62 1 332
1505.32 6.64 1 333
1505.33 6.66 1 334
1505.34 6.68 1 335
1505.35 6.7 1 336
1505.36 6.72 1 337
1505.37 6.74 1 338
1505.38 6.76 1 339
1505.39 6.78 1 340
1505.4 6.8 1 341
1505.41 6.82 1 342
1505.42 6.84 1 343
1505.43 6.86 1 344
1505.44 6.88 1 345
1505.45 6.9 1 346
1505.46 6.92 1 347
1505.47 6.94 1 348
1505.48 6.96 1 349
1505.49 6.98 1 350
1505.5 7 1 351
1505.51 7.02 1 352
1505.52 7.04 1 353
1505.53 7.06 1 354
1505.54 7.08 1 355
1505.55 7.1 1 356
1505.56 7.12 1 357
1505.57 7.14 1 358
1505.58 7.16 1 359
1505.59 7.18 1 360
1505.6 7.2 1 361
1505.61 7.22 1 362
1505.62 7.24 1 363
1505.63 7.26 1 364
1505.64 7.28 1 365
1505.65 7.3 1 366
1505.66 7.32 1 367
1505.67 7.34 1 368
1505.68 7.36 1 369
1505.69 7.38 1 370
1505.7 7.4 1 371
1505.71 7.42 1 372
1505.72 7.44 1 373
1505.73 7.46 1 374
1505.74 7.48 1 375
1505.75 7.5 1 376
1505.76 7.52 1 377
1505.77 7.54 1 378
1505.78 7.56 1 379
1505.79 7.58 1 380
1505.8 7.6 1 381
1505.81 7.62 1 382
1505.82 7.64 1 383
1505.83 7.66 1 384
1505.84 7.68 1 385
1505.85 7.7 1 386
1505.86 7.72 1 387
1505.87 7.74 1 388
1505.88 7.76 1 389
1505.89 7.78 1 390
1505.9 7.8 1 391
1505.91 7.82 1 392
1505.92 7.84 1 393
1505.93 7.86 1 394
1505.94 7.88 1 395
1505.95 7.9 1 396
1505.96 7.92 1 397
1505.97 7.94 1 398
1505.98 7.96 1 399
1505.99 7.98 1 400
1506 8 1 401
1506.01 8.02 1 402
1506.02 8.04 1 403
1506.03 8.06 1 404
1506.04 8.08 1 405
1506.05 8.1 1 406
1506.06 8.12 1 407
1506.07 8.14 1 408
1506.08 8.16 1 409
1506.09 8.18 1 410
1506.1 8.2 1 411
1506.11 8.22 1 412
1506.12 8.24 1 413
1506.13 8.26 1 414
1506.14 8.28 1 415
1506.15 8.3 1 416
1506.16 8.32 1 417
1506.17 8.34 1 418
1506.18 8.36 1 419
1506.19 8.38 1 420
1506.2 8.4 1 421
1506.21 8.42 1 422
1506.22 8.44 1 423
1506.23 8.46 1 424
1506.24 8.48 1 425
1506.25 8.5 1 426
1506.26 8.52 1 427
1506.27 8.54 1 428
1506.28 8.56 1 429
1506.29 8.58 1 430
1506.3 8.6 1 431
1506.31 8.62 1 432
1506.32 8.64 1 433
1506.33 8.66 1 434
1506.34 8.68 1 435
1506.35 8.7 1 436
1506.36 8.72 1 437
1506.37 8.74 1 438
1506.38 8.76 1 439
1506.39 8.78 1 440
1506.4 8.8 1 441
1506.41 8.82 1 442
1506.42 8.84 1 443
1506.43 8.86 1 444
1506.44 8.88 1 445
1506.45 8.9 1 446
1506.46 8.92 1 447
1506.47 8.94 1 448
1506.48 8.96 1 449
1506.49 8.98 1 450
1506.5 9 1 451
1506.51 9.02 1 452
1506.52 9.04 1 453
1506.53 9.06 1 454
1506.54 9.08 1 455
1506.55 9.1 1 456
1506.56 9.12 1 457
1506.57 9.14 1 458
1506.58 9.16 1 459
1506.59 9.18 1 460
1506.6 9.2 1 461
1506.61 9.22 1 462
1506.62 9.24 1 463
1506.63 9.26 1 464
1506.64 9.28 1 465
1506.65 9.3 1 466
1506.66 9.32 1 467
1506.67 9.34 1 468
1506.68 9.36 1 469
1506.69 9.38 1 470
1506.7 9.4 1 471
1506.71 9.42 1 472
1506.72 9.44 1 473
1506.73 9.46 1 474
1506.74 9.48 1 475
1506.75 9.5 1 476
1506.76 9.52 1 477
1506.77 9.54 1 478
1506.78 9.56 1 479
1506.79 9.58 1 480
1506.8 9.6 1 481
1506.81 9.62 1 482
1506.82 9.64 1 483
1506.83 9.66 1 484
1506.84 9.68 1 485
1506.85 9.7 1 486
1506.86 9.72 1 487
1506.87 9.74 1 488
1506.88 9.76 1 489
1506.89 9.78 1 490
1506.9 9.8 1 491
1506.91 9.82 1 492
1506.92 9.84 1 493
1506.93 9.86 1 494
1506.94 9.88 1 495
1506.95 9.9 1 496
1506.96 9.92 1 497
1506.97 9.94 1 498
1506.98 9.96 1 499
1506.99 9.98 1 500
1507 10 1 501
1507.01 10.02 1 502
1507.02 10.04 1 503
1507.03 10.06 1 504
1507.04 10.08 1 505
1507.05 10.1 1 506
1507.06 10.12 1 507
1507.07 10.14 1 508
1507.08 10.16 1 509
1507.09 10.18 1 510
1507.1 10.2 1 511
1507.11 10.22 1 512
1507.12 10.24 1 513
1507.13 10.26 1 514
1507.14 10.28 1 515
1507.15 10.3 1 516
1507.16 10.32 1 517
1507.17 10.34 1 518
1507.18 10.36 1 519
1507.19 10.38 1 520
1507.2 10.4 1 521
1507.21 10.42 1 522
1507.22 10.44 1 523
1507.23 10.46 1 524
1507.24 10.48 1 525
1507.25 10.5 1 526
1507.26 10.52 1 527
1507.27 10.54 1 528
1507.28 10.56 1 529
1507.29 10.58 1 530
1507.3 10.6 1 531
1507.31 10.62 1 532
1507.32 10.64 1 533
1507.33 10.66 1 534
1507.34 10.68 1 535
1507.35 10.7 1 536
1507.36 10.72 1 537
1507.37 10.74 1 538
1507.38 10.76 1 539
1507.39 10.78 1 540
1507.4 10.8 1 541
1507.41 10.82 1 542
1507.42 10.84 1 543
1507.43 10.86 1 544
1507.44 10.88 1 545
1507.45 10.9 1 546
1507.46 10.92 1 547
1507.47 10.94 1 548
1507.48 10.96 1 549
1507.49 10.98 1 550
1507.5 11 1 551
1507.51 11.02 1 552
1507.52 11.04 1 553
1507.53 11.06 1 554
1507.54 11.08 1 555
1507.55 11.1 1 556
1507.56 11.12 1 557
1507.57 11.14 1 558
1507.58 11.16 1 559
1507.59 11.18 1 560
1507.6 11.2 1 561
1507.61 11.22 1 562
1507.62 11.24 1 563
1507.63 11.26 1 564
1507.64 11.28 1 565
1507.65 11.3 1 566
1507.66 11.32 1 567
1507.67 11.34 1 568
1507.68 11.36 1 569
1507.69 11.38 1 570
1507.7 11.4 1 571
1507.71 11.42 1 572
1507.72 11.44 1 573
1507.73 11.46 1 574
1507.74 11.48 1 575
1507.75 11.5 1 576
1507.76 11.52 1 577
1507.77 11.54 1 578
1507.78 11.56 1 579
1507.79 11.58 1 580
1507.8 11.6 1 581
1507.81 11.62 1 582
1507.82 11.64 1 583
1507.83 11.66 1 584
1507.84 11.68 1 585
1507.85 11.7 1 586
1507.86 11.72 1 587
1507.87 11.74 1 588
1507.88 11.76 1 589
1507.89 11.78 1 590
1507.9 11.8 1 591
1507.91 11.82 1 592
1507.92 11.84 1 593
1507.93 11.86 1 594
1507.94 11.88 1 595
1507.95 11.9 1 596
1507.96 11.92 1 597
1507.97 11.94 1 598
1507.98 11.96 1 599
1507.99 11.98 1 600
1508 12 1 601
1508.01 12.02 1 602
1508.02 12.04 1 603
1508.03 12.06 1 604
1508.04 12.08 1 605
1508.05 12.1 1 606
1508.06 12.12 1 607
1508.07 12.14 1 608
1508.08 12.16 1 609
1508.09 12.18 1 610
1508.1 12.2 1 611
1508.11 12.22 1 612
1508.12 12.24 1 613
1508.13 12.26 1 614
1508.14 12.28 1 615
1508.15 12.3 1 616
1508.16 12.32 1 617
1508.17 12.34 1 618
1508.18 12.36 1 619
1508.19 12.38 1 620
1508.2 12.4 1 621
1508.21 12.42 1 622
1508.22 12.44 1 623
1508.23 12.46 1 624
1508.24 12.48 1 625
1508.25 12.5 1 626
1508.26 12.52 1 627
1508.27 12.54 1 628
1508.28 12.56 1 629
1508.29 12.58 1 630
1508.3 12.6 1 631
1508.31 12.62 1 632
1508.32 12.64 1 633
1508.33 12.66 1 634
1508.34 12.68 1 635
1508.35 12.7 1 636
1508.36 12.72 1 637
1508.37 12.74 1 638
1508.38 12.76 1 639
1508.39 12.78 1 640
1508.4 12.8 1 641
1508.41 12.82 1 642
1508.42 12.84 1 643
1508.43 12.86 1 644
1508.44 12.88 1 645
1508.45 12.9 1 646
1508.46 12.92 1 647
1508.47 12.94 1 648
1508.48 12.96 1 649
1508.49 12.98 1 650
1508.5 13 1 651
1508.51 13.02 1 652
1508.52 13.04 1 653
1508.53 13.06 1 654
1508.54 13.08 1 655
1508.55 13.1 1 656
1508.56 13.12 1 657
1508.57 13.14 1 658
1508.58 13.16 1 659
1508.59 13.18 1 660
1508.6 13.2 1 661
1508.61 13.22 1 662
1508.62 13.24 1 663
1508.63 13.26 1 664
1508.64 13.28 1 665
1508.65 13.3 1 666
1508.66 13.32 1 667
1508.67 13.34 1 668
1508.68 13.36 1 669
1508.69 13.38 1 670
1508.7 13.4 1 671
1508.71 13.42 1 672
1508.72 13.44 1 673
1508.73 13.46 1 674
1508.74 13.48 1 675
1508.75 13.5 1 676
1508.76 13.52 1 677
1508.77 13.54 1 678
1508.78 13.56 1 679
1508.79 13.58 1 680
1508.8 13.6 1 681
1508.81 13.62 1 682
1508.82 13.64 1 683
1508.83 13.66 1 684
1508.84 13.68 1 685
1508.85 13.7 1 686
1508.86 13.72 1 687
1508.87 13.74 1 688
1508.88 13.76 1 689
1508.89 13.78 1 690
1508.9 13.8 1 691
1508.91 13.82 1 692
1508.92 13.84 1 693
1508.93 13.86 1 694
1508.94 13.88 1 695
1508.95 13.9 1 696
1508.96 13.92 1 697
1508.97 13.94 1 698
1508.98 13.96 1 699
1508.99 13.98 1 700
1509 14 1 701
1509.01 14.02 1 702
1509.02 14.04 1 703
1509.03 14.06 1 704
1509.04 14.08 1 705
1509.05 14.1 1 706
1509.06 14.12 1 707
1509.07 14.14 1 708
1509.08 14.16 1 709
1509.09 14.18 1 710
1509.1 14.2 1 711
1509.11 14.22 1 712
1509.12 14.24 1 713
1509.13 14.26 1 714
1509.14 14.28 1 715
1509.15 14.3 1 716
1509.16 14.32 1 717
1509.17 14.34 1 718
1509.18 14.36 1 719
1509.19 14.38 1 720
1509.2 14.4 1 721
1509.21 14.42 1 722
1509.22 14.44 1 723
1509.23 14.46 1 724
1509.24 14.48 1 725
1509.25 14.5 1 726
1509.26 14.52 1 727
1509.27 14.54 1 728
1509.28 14.56 1 729
1509.29 14.58 1 730
1509.3 14.6 1 731
1509.31 14.62 1 732
1509.32 14.64 1 733
1509.33 14.66 1 734
1509.34 14.68 1 735
1509.35 14.7 1 736
1509.36 14.72 1 737
1509.37 14.74 1 738
1509.38 14.76 1 739
1509.39 14.78 1 740
1509.4 14.8 1 741
1509.41 14.82 1 742
1509.42 14.84 1 743
1509.43 14.86 1 744
1509.44 14.88 1 745
1509.45 14.9 1 746
1509.46 14.92 1 747
1509.47 14.94 1 748
1509.48 14.96 1 749
1509.49 14.98 1 750
1509.5 15 1 751
1509.51 15.02 1 752
1509.52 15.04 1 753
1509.53 15.06 1 754
1509.54 15.08 1 755
1509.55 15.1 1 756
1509.56 15.12 1 757
1509.57 15.14 1 758
1509.58 15.16 1 759
1509.59 15.18 1 760
1509.6 15.2 1 761
1509.61 15.22 1 762
1509.62 15.24 1 763
1509.63 15.26 1 764
1509.64 15.28 1 765
1509.65 15.3 1 766
1509.66 15.32 1 767
1509.67 15.34 1 768
1509.68 15.36 1 769
1509.69 15.38 1 770
1509.7 15.4 1 771
1509.71 15.42 1 772
1509.72 15.44 1 773
1509.73 15.46 1 774
1509.74 15.48 1 775
1509.75 15.5 1 776
1509.76 15.52 1 777
1509.77 15.54 1 778
1509.78 15.56 1 779
1509.79 15.58 1 780
1509.8 15.6 1 781
1509.81 15.62 1 782
1509.82 15.64 1 783
1509.83 15.66 1 784
1509.84 15.68 1 785
1509.85 15.7 1 786
1509.86 15.72 1 787
1509.87 15.74 1 788
1509.88 15.76 1 789
1509.89 15.78 1 790
1509.9 15.8 1 791
1509.91 15.82 1 792
1509.92 15.84 1 793
1509.93 15.86 1 794
1509.94 15.88 1 795
1509.95 15.9 1 796
1509.96 15.92 1 797
1509.97 15.94 1 798
1509.98 15.96 1 799
1509.99 15.98 1 800
1510 16 1 801
1510.01 16.02 1 802
1510.02 16.04 1 803
1510.03 16.06 1 804
1510.04 16.08 1 805
1510.05 16.1 1 806
1510.06 16.12 1 807
1510.07 16.14 1 808
1510.08 16.16 1 809
1510.09 16.18 1 810
1510.1 16.2 1 811
1510.11 16.22 1 812
1510.12 16.24 1 813
1510.13 16.26 1 814
1510.14 16.28 1 815
1510.15 16.3 1 816
1510.16 16.32 1 817
1510.17 16.34 1 818
1510.18 16.36 1 819
1510.19 16.38 1 820
1510.2 16.4 1 821
1510.21 16.42 1 822
1510.22 16.44 1 823
1510.23 16.46 1 824
1510.24 16.48 1 825
1510.25 16.5 1 826
1510.26 16.52 1 827
1510.27 16.54 1 828
1510.28 16.56 1 829
1510.29 16.58 1 830
1510.3 16.6 1 831
1510.31 16.62 1 832
1510.32 16.64 1 833
1510.33 16.66 1 834
1510.34 16.68 1 835
1510.35 16.7 1 836
1510.36 16.72 1 837
1510.37 16.74 1 838
1510.38 16.76 1 839
1510.39 16.78 1 840
1510.4 16.8 1 841
1510.41 16.82 1 842
1510.42 16.84 1 843
1510.43 16.86 1 844
1510.44 16.88 1 845
1510.45 16.9 1 846
1510.46 16.92 1 847
1510.47 16.94 1 848
1510.48 16.96 1 849
1510.49 16.98 1 850
1510.5 17 1 851
1510.51 17.02 1 852
1510.52 17.04 1 853
1510.53 17.06 1 854
1510.54 17.08 1 855
1510.55 17.1 1 856
1510.56 17.12 1 857
1510.57 17.14 1 858
1510.58 17.16 1 859
1510.59 17.18 1 860
1510.6 17.2 1 861
1510.61 17.22 1 862
1510.62 17.24 1 863
1510.63 17.26 1 864
1510.64 17.28 1 865
1510.65 17.3 1 866
1510.66 17.32 1 867
1510.67 17.34 1 868
1510.68 17.36 1 869
1510.69 17.38 1 870
1510.7 17.4 1 871
1510.71 17.42 1 872
1510.72 17.44 1 873
1510.73 17.46 1 874
1510.74 17.48 1 875
1510.75 17.5 1 876
1510.76 17.52 1 877
1510.77 17.54 1 878
1510.78 17.56 1 879
1510.79 17.58 1 880
1510.8 17.6 1 881
1510.81 17.62 1 882
1510.82 17.64 1 883
1510.83 17.66 1 884
1510.84 17.68 1 885
1510.85 17.7 1 886
1510.86 17.72 1 887
1510.87 17.74 1 888
1510.88 17.76 1 889
1510.89 17.78 1 890
1510.9 17.8 1 891
1510.91 17.82 1 892
1510.92 17.84 1 893
1510.93 17.86 1 894
1510.94 17.88 1 895
1510.95 17.9 1 896
1510.96 17.92 1 897
1510.97 17.94 1 898
1510.98 17.96 1 899
1510.99 17.98 1 900
1511 18 1 901
1511.01 18.02 1 902
1511.02 18.04 1 903
1511.03 18.06 1 904
1511.04 18.08 1 905
1511.05 18.1 1 906
1511.06 18.12 1 907
1511.07 18.14 1 908
1511.08 18.16 1 909
1511.09 18.18 1 910
1511.1 18.2 1 911
1511.11 18.22 1 912
1511.12 18.24 1 913
1511.13 18.26 1 914
1511.14 18.28 1 915
1511.15 18.3 1 916
1511.16 18.32 1 917
1511.17 18.34 1 918
1511.18 18.36 1 919
1511.19 18.38 1 920
1511.2 18.4 1 921
1511.21 18.42 1 922
1511.22 18.44 1 923
1511.23 18.46 1 924
1511.24 18.48 1 925
1511.25 18.5 1 926
1511.26 18.52 1 927
1511.27 18.54 1 928
1511.28 18.56 1 929
1511.29 18.58 1 930
1511.3 18.6 1 931
1511.31 18.62 1 932
1511.32 18.64 1 933
1511.33 18.66 1 934
1511.34 18.68 1 935
1511.35 18.7 1 936
1511.36 18.72 1 937
1511.37 18.74 1 938
1511.38 18.76 1 939
1511.39 18.78 1 940
1511.4 18.8 1 941
1511.41 18.82 1 942
1511.42 18.84 1 943
1511.43 18.86 1 944
1511.44 18.88 1 945
1511.45 18.9 1 946
1511.46 18.92 1 947
1511.47 18.94 1 948
1511.48 18.96 1 949
1511.49 18.98 1 950
1511.5 19 1 951
1511.51 19.02 1 952
1511.52 19.04 1 953
1511.53 19.06 1 954
1511.54 19.08 1 955
1511.55 19.1 1 956
1511.56 19.12 1 957
1511.57 19.14 1 958
1511.58 19.16 1 959
1511.59 19.18 1 960
1511.6 19.2 1 961
1511.61 19.22 1 962
1511.62 19.24 1 963
1511.63 19.26 1 964
1511.64 19.28 1 965
1511.65 19.3 1 966
1511.66 19.32 1 967
1511.67 19.34 1 968
1511.68 19.36 1 969
1511.69 19.38 1 970
1511.7 19.4 1 971
1511.71 19.42 1 972
1511.72 19.44 1 973
1511.73 19.46 1 974
1511.74 19.48 1 975
1511.75 19.5 1 976
1511.76 19.52 1 977
1511.77 19.54 1 978
1511.78 19.56 1 979
1511.79 19.58 1 980
1511.8 19.6 1 981
1511.81 19.62 1 982
1511.82 19.64 1 983
1511.83 19.66 1 984
1511.84 19.68 1 985
1511.85 19.7 1 986
1511.86 19.72 1 987
1511.87 19.74 1 988
1511.88 19.76 1 989
1511.89 19.78 1 990
1511.9 19.8 1 991
1511.91 19.82 1 992
1511.92 19.84 1 993
1511.93 19.86 1 994
1511.94 19.88 1 995
1511.95 19.9 1 996
1511.96 19.92 1 997
1511.97 19.94 1 998
1511.98 19.96 1 999
1511.99 19.98 1 1000
1512 20 1 1001
1512.01 20.02 1 1002
1512.02 20.04 1 1003
1512.03 20.06 1 1004
1512.04 20.08 1 1005
1512.05 20.1 1 1006
1512.06 20.12 1 1007
1512.07 20.14 1 1008
1512.08 20.16 1 1009
1512.09 20.18 1 1010
1512.1 20.2 1 1011
1512.11 20.22 1 1012
1512.12 20.24 1 1013
1512.13 20.26 1 1014
1512.14 20.28 1 1015
1512.15 20.3 1 1016
1512.16 20.32 1 1017
1512.17 20.34 1 1018
1512.18 20.36 1 1019
1512.19 20.38 1 1020
1512.2 20.4 1 1021
1512.21 20.42 1 1022
1512.22 20.44 1 1023
1512.23 20.46 1 1024
1512.24 20.48 1 1025
1512.25 20.5 1 1026
1512.26 20.52 1 1027
1512.27 20.54 1 1028
1512.28 20.56 1 1029
1512.29 20.58 1 1030
1512.3 20.6 1 1031
1512.31 20.62 1 1032
1512.32 20.64 1 1033
1512.33 20.66 1 1034
1512.34 20.68 1 1035
1512.35 20.7 1 1036
1512.36 20.72 1 1037
1512.37 20.74 1 1038
1512.38 20.76 1 1039
1512.39 20.78 1 1040
1512.4 20.8 1 1041
1512.41 20.82 1 1042
1512.42 20.84 1 1043
1512.43 20.86 1 1044
1512.44 20.88 1 1045
1512.45 20.9 1 1046
1512.46 20.92 1 1047
1512.47 20.94 1 1048
1512.48 20.96 1 1049
1512.49 20.98 1 1050
1512.5 21 1 1051
1512.51 21.02 1 1052
1512.52 21.04 1 1053
1512.53 21.06 1 1054
1512.54 21.08 1 1055
1512.55 21.1 1 1056
1512.56 21.12 1 1057
1512.57 21.14 1 1058
1512.58 21.16 1 1059
1512.59 21.18 1 1060
1512.6 21.2 1 1061
1512.61 21.22 1 1062
1512.62 21.24 1 1063
1512.63 21.26 1 1064
1512.64 21.28 1 1065
1512.65 21.3 1 1066
1512.66 21.32 1 1067
1512.67 21.34 1 1068
1512.68 21.36 1 1069
1512.69 21.38 1 1070
1512.7 21.4 1 1071
1512.71 21.42 1 1072
1512.72 21.44 1 1073
1512.73 21.46 1 1074
1512.74 21.48 1 1075
1512.75 21.5 1 1076
1512.76 21.52 1 1077
1512.77 21.54 1 1078
1512.78 21.56 1 1079
1512.79 21.58 1 1080
1512.8 21.6 1 1081
1512.81 21.62 1 1082
1512.82 21.64 1 1083
1512.83 21.66 1 1084
1512.84 21.68 1 1085
1512.85 21.7 1 1086
1512.86 21.72 1 1087
1512.87 21.74 1 1088
1512.88 21.76 1 1089
1512.89 21.78 1 1090
1512.9 21.8 1 1091
1512.91 21.82 1 1092
1512.92 21.84 1 1093
1512.93 21.86 1 1094
1512.94 21.88 1 1095
1512.95 21.9 1 1096
1512.96 21.92 1 1097
1512.97 21.94 1 1098
1512.98 21.96 1 1099
1512.99 21.98 1 1100
1513 22 1 1101
1513.01 22.02 1 1102
1513.02 22.04 1 1103
1513.03 22.06 1 1104
1513.04 22.08 1 1105
1513.05 22.1 1 1106
1513.06 22.12 1 1107
1513.07 22.14 1 1108
1513.08 22.16 1 1109
1513.09 22.18 1 1110
1513.1 22.2 1 1111
1513.11 22.22 1 1112
1513.12 22.24 1 1113
1513.13 22.26 1 1114
1513.14 22.28 1 1115
1513.15 22.3 1 1116
1513.16 22.32 1 1117
1513.17 22.34 1 1118
1513.18 22.36 1 1119
1513.19 22.38 1 1120
1513.2 22.4 1 1121
1513.21 22.42 1 1122
1513.22 22.44 1 1123
1513.23 22.46 1 1124
1513.24 22.48 1 1125
1513.25 22.5 1 1126
1513.26 22.52 1 1127
1513.27 22.54 1 1128
1513.28 22.56 1 1129
1513.29 22.58 1 1130
1513.3 22.6 1 1131
1513.31 22.62 1 1132
1513.32 22.64 1 1133
1513.33 22.66 1 1134
1513.34 22.68 1 1135
1513.35 22.7 1 1136
1513.36 22.72 1 1137
1513.37 22.74 1 1138
1513.38 22.76 1 1139
1513.39 22.78 1 1140
1513.4 22.8 1 1141
1513.41 22.82 1 1142
1513.42 22.84 1 1143
1513.43 22.86 1 1144
1513.44 22.88 1 1145
1513.45 22.9 1 1146
1513.46 22.92 1 1147
1513.47 22.94 1 1148
1513.48 22.96 1 1149
1513.49 22.98 1 1150
1513.5 23 1 1151
1513.51 23.02 1 1152
1513.52 23.04 1 1153
1513.53 23.06 1 1154
1513.54 23.08 1 1155
1513.55 23.1 1 1156
1513.56 23.12 1 1157
1513.57 23.14 1 1158
1513.58 23.16 1 1159
1513.59 23.18 1 1160
1513.6 23.2 1 1161
1513.61 23.22 1 1162
1513.62 23.24 1 1163
1513.63 23.26 1 1164
1513.64 23.28 1 1165
1513.65 23.3 1 1166
1513.66 23.32 1 1167
1513.67 23.34 1 1168
1513.68 23.36 1 1169
1513.69 23.38 1 1170
1513.7 23.4 1 1171
1513.71 23.42 1 1172
1513.72 23.44 1 1173
1513.73 23.46 1 1174
1513.74 23.48 1 1175
1513.75 23.5 1 1176
1513.76 23.52 1 1177
1513.77 23.54 1 1178
1513.78 23.56 1 1179
1513.79 23.58 1 1180
1513.8 23.6 1 1181
1513.81 23.62 1 1182
1513.82 23.64 1 1183
1513.83 23.66 1 1184
1513.84 23.68 1 1185
1513.85 23.7 1 1186
1513.86 23.72 1 1187
1513.87 23.74 1 1188
1513.88 23.76 1 1189
1513.89 23.78 1 1190
1513.9 23.8 1 1191
1513.91 23.82 1 1192
1513.92 23.84 1 1193
1513.93 23.86 1 1194
1513.94 23.88 1 1195
1513.95 23.9 1 1196
1513.96 23.92 1 1197
1513.97 23.94 1 1198
1513.98 23.96 1 1199
1513.99 23.98 1 1200
1514 24 1 1201
1514.01 24.02 1 1202
1514.02 24.04 1 1203
1514.03 24.06 1 1204
1514.04 24.08 1 1205
1514.05 24.1 1 1206
1514.06 24.12 1 1207
1514.07 24.14 1 1208
1514.08 24.16 1 1209
1514.09 24.18 1 1210
1514.1 24.2 1 1211
1514.11 24.22 1 1212
1514.12 24.24 1 1213
1514.13 24.26 1 1214
1514.14 24.28 1 1215
1514.15 24.3 1 1216
1514.16 24.32 1 1217
1514.17 24.34 1 1218
1514.18 24.36 1 1219
1514.19 24.38 1 1220
1514.2 24.4 1 1221
1514.21 24.42 1 1222
1514.22 24.44 1 1223
1514.23 24.46 1 1224
1514.24 24.48 1 1225
1514.25 24.5 1 1226
1514.26 24.52 1 1227
1514.27 24.54 1 1228
1514.28 24.56 1 1229
1514.29 24.58 1 1230
1514.3 24.6 1 1231
1514.31 24.62 1 1232
1514.32 24.64 1 1233
1514.33 24.66 1 1234
1514.34 24.68 1 1235
1514.35 24.7 1 1236
1514.36 24.72 1 1237
1514.37 24.74 1 1238
1514.38 24.76 1 1239
1514.39 24.78 1 1240
1514.4 24.8 1 1241
1514.41 24.82 1 1242
1514.42 24.84 1 1243
1514.43 24.86 1 1244
1514.44 24.88 1 1245
1514.45 24.9 1 1246
1514.46 24.92 1 1247
1514.47 24.94 1 1248
1514.48 24.96 1 1249
1514.49 24.98 1 1250
1514.5 25 1 1251
1514.51 25.02 1 1252
1514.52 25.04 1 1253
1514.53 25.06 1 1254
1514.54 25.08 1 1255
1514.55 25.1 1 1256
1514.56 25.12 1 1257
1514.57 25.14 1 1258
1514.58 25.16 1 1259
1514.59 25.18 1 1260
1514.6 25.2 1 1261
1514.61 25.22 1 1262
1514.62 25.24 1 1263
1514.63 25.26 1 1264
1514.64 25.28 1 1265
1514.65 25.3 1 1266
1514.66 25.32 1 1267
1514.67 25.34 1 1268
1514.68 25.36 1 1269
1514.69 25.38 1 1270
1514.7 25.4 1 1271
1514.71 25.42 1 1272
1514.72 25.44 1 1273
1514.73 25.46 1 1274
1514.74 25.48 1 1275
1514.75 25.5 1 1276
1514.76 25.52 1 1277
1514.77 25.54 1 1278
1514.78 25.56 1 1279
1514.79 25.58 1 1280
1514.8 25.6 1 1281
1514.81 25.62 1 1282
1514.82 25.64 1 1283
1514.83 25.66 1 1284
1514.84 25.68 1 1285
1514.85 25.7 1 1286
1514.86 25.72 1 1287
1514.87 25.74 1 1288
1514.88 25.76 1 1289
1514.89 25.78 1 1290
1514.9 25.8 1 1291
1514.91 25.82 1 1292
1514.92 25.84 1 1293
1514.93 25.86 1 1294
1514.94 25.88 1 1295
1514.95 25.9 1 1296
1514.96 25.92 1 1297
1514.97 25.94 1 1298
1514.98 25.96 1 1299
1514.99 25.98 1 1300
1515 26 1 1301
1515.01 26.02 1 1302
1515.02 26.04 1 1303
1515.03 26.06 1 1304
1515.04 26.08 1 1305
1515.05 26.1 1 1306
1515.06 26.12 1 1307
1515.07 26.14 1 1308
1515.08 26.16 1 1309
1515.09 26.18 1 1310
1515.1 26.2 1 1311
1515.11 26.22 1 1312
1515.12 26.24 1 1313
1515.13 26.26 1 1314
1515.14 26.28 1 1315
1515.15 26.3 1 1316
1515.16 26.32 1 1317
1515.17 26.34 1 1318
1515.18 26.36 1 1319
1515.19 26.38 1 1320
1515.2 26.4 1 1321
1515.21 26.42 1 1322
1515.22 26.44 1 1323
1515.23 26.46 1 1324
1515.24 26.48 1 1325
1515.25 26.5 1 1326
1515.26 26.52 1 1327
1515.27 26.54 1 1328
1515.28 26.56 1 1329
1515.29 26.58 1 1330
1515.3 26.6 1 1331
1515.31 26.62 1 1332
1515.32 26.64 1 1333
1515.33 26.66 1 1334
1515.34 26.68 1 1335
1515.35 26.7 1 1336
1515.36 26.72 1 1337
1515.37 26.74 1 1338
1515.38 26.76 1 1339
1515.39 26.78 1 1340
1515.4 26.8 1 1341
1515.41 26.82 1 1342
1515.42 26.84 1 1343
1515.43 26.86 1 1344
1515.44 26.88 1 1345
1515.45 26.9 1 1346
1515.46 26.92 1 1347
1515.47 26.94 1 1348
1515.48 26.96 1 1349
1515.49 26.98 1 1350
1515.5 27 1 1351
1515.51 27.02 1 1352
1515.52 27.04 1 1353
1515.53 27.06 1 1354
1515.54 27.08 1 1355
1515.55 27.1 1 1356
1515.56 27.12 1 1357
1515.57 27.14 1 1358
1515.58 27.16 1 1359
1515.59 27.18 1 1360
1515.6 27.2 1 1361
1515.61 27.22 1 1362
1515.62 27.24 1 1363
1515.63 27.26 1 1364
1515.64 27.28 1 1365
1515.65 27.3 1 1366
1515.66 27.32 1 1367
1515.67 27.34 1 1368
1515.68 27.36 1 1369
1515.69 27.38 1 1370
1515.7 27.4 1 1371
1515.71 27.42 1 1372
1515.72 27.44 1 1373
1515.73 27.46 1 1374
1515.74 27.48 1 1375
1515.75 27.5 1 1376
1515.76 27.52 1 1377
1515.77 27.54 1 1378
1515.78 27.56 1 1379
1515.79 27.58 1 1380
1515.8 27.6 1 1381
1515.81 27.62 1 1382
1515.82 27.64 1 1383
1515.83 27.66 1 1384
1515.84 27.68 1 1385
1515.85 27.7 1 1386
1515.86 27.72 1 1387
1515.87 27.74 1 1388
1515.88 27.76 1 1389
1515.89 27.78 1 1390
1515.9 27.8 1 1391
1515.91 27.82 1 1392
1515.92 27.84 1 1393
1515.93 27.86 1 1394
1515.94 27.88 1 1395
1515.95 27.9 1 1396
1515.96 27.92 1 1397
1515.97 27.94 1 1398
1515.98 27.96 1 1399
1515.99 27.98 1 1400
1516 28 1 1401
1516.01 28.02 1 1402
1516.02 28.04 1 1403
1516.03 28.06 1 1404
1516.04 28.08 1 1405
1516.05 28.1 1 1406
1516.06 28.12 1 1407
1516.07 28.14 1 1408
1516.08 28.16 1 1409
1516.09 28.18 1 1410
1516.1 28.2 1 1411
1516.11 28.22 1 1412
1516.12 28.24 1 1413
1516.13 28.26 1 1414
1516.14 28.28 1 1415
1516.15 28.3 1 1416
1516.16 28.32 1 1417
1516.17 28.34 1 1418
1516.18 28.36 1 1419
1516.19 28.38 1 1420
1516.2 28.4 1 1421
1516.21 28.42 1 1422
1516.22 28.44 1 1423
1516.23 28.46 1 1424
1516.24 28.48 1 1425
1516.25 28.5 1 1426
1516.26 28.52 1 1427
1516.27 28.54 1 1428
1516.28 28.56 1 1429
1516.29 28.58 1 1430
1516.3 28.6 1 1431
1516.31 28.62 1 1432
1516.32 28.64 1 1433
1516.33 28.66 1 1434
1516.34 28.68 1 1435
1516.35 28.7 1 1436
1516.36 28.72 1 1437
1516.37 28.74 1 1438
1516.38 28.76 1 1439
1516.39 28.78 1 1440
1516.4 28.8 1 1441
1516.41 28.82 1 1442
1516.42 28.84 1 1443
1516.43 28.86 1 1444
1516.44 28.88 1 1445
1516.45 28.9 1 1446
1516.46 28.92 1 1447
1516.47 28.94 1 1448
1516.48 28.96 1 1449
1516.49 28.98 1 1450
1516.5 29 1 1451
1516.51 29.02 1 1452
1516.52 29.04 1 1453
1516.53 29.06 1 1454
1516.54 29.08 1 1455
1516.55 29.1 1 1456
1516.56 29.12 1 1457
1516.57 29.14 1 1458
1516.58 29.16 1 1459
1516.59 29.18 1 1460
1516.6 29.2 1 1461
1516.61 29.22 1 1462
1516.62 29.24 1 1463
1516.63 29.26 1 1464
1516.64 29.28 1 1465
1516.65 29.3 1 1466
1516.66 29.32 1 1467
1516.67 29.34 1 1468
1516.68 29.36 1 1469
1516.69 29.38 1 1470
1516.7 29.4 1 1471
1516.71 29.42 1 1472
1516.72 29.44 1 1473
1516.73 29.46 1 1474
1516.74 29.48 1 1475
1516.75 29.5 1 1476
1516.76 29.52 1 1477
1516.77 29.54 1 1478
1516.78 29.56 1 1479
1516.79 29.58 1 1480
1516.8 29.6 1 1481
1516.81 29.62 1 1482
1516.82 29.64 1 1483
1516.83 29.66 1 1484
1516.84 29.68 1 1485
1516.85 29.7 1 1486
1516.86 29.72 1 1487
1516.87 29.74 1 1488
1516.88 29.76 1 1489
1516.89 29.78 1 1490
1516.9 29.8 1 1491
1516.91 29.82 1 1492
1516.92 29.84 1 1493
1516.93 29.86 1 1494
1516.94 29.88 1 1495
1516.95 29.9 1 1496
1516.96 29.92 1 1497
1516.97 29.94 1 1498
1516.98 29.96 1 1499
1516.99 29.98 1 1500
1517 30 1 1501
1517.01 30.02 1 1502
1517.02 30.04 1 1503
1517.03 30.06 1 1504
1517.04 30.08 1 1505
1517.05 30.1 1 1506
1517.06 30.12 1 1507
1517.07 30.14 1 1508
1517.08 30.16 1 1509
1517.09 30.18 1 1510
1517.1 30.2 1 1511
1517.11 30.22 1 1512
1517.12 30.24 1 1513
1517.13 30.26 1 1514
1517.14 30.28 1 1515
1517.15 30.3 1 1516
1517.16 30.32 1 1517
1517.17 30.34 1 1518
1517.18 30.36 1 1519
1517.19 30.38 1 1520
1517.2 30.4 1 1521
1517.21 30.42 1 1522
1517.22 30.44 1 1523
1517.23 30.46 1 1524
1517.24 30.48 1 1525
1517.25 30.5 1 1526
1517.26 30.52 1 1527
1517.27 30.54 1 1528
1517.28 30.56 1 1529
1517.29 30.58 1 1530
1517.3 30.6 1 1531
1517.31 30.62 1 1532
1517.32 30.64 1 1533
1517.33 30.66 1 1534
1517.34 30.68 1 1535
1517.35 30.7 1 1536
1517.36 30.72 1 1537
1517.37 30.74 1 1538
1517.38 30.76 1 1539
1517.39 30.78 1 1540
1517.4 30.8 1 1541
1517.41 30.82 1 1542
1517.42 30.84 1 1543
1517.43 30.86 1 1544
1517.44 30.88 1 1545
1517.45 30.9 1 1546
1517.46 30.92 1 1547
1517.47 30.94 1 1548
1517.48 30.96 1 1549
1517.49 30.98 1 1550
1517.5 31 1 1551
1517.51 31.02 1 1552
1517.52 31.04 1 1553
1517.53 31.06 1 1554
1517.54 31.08 1 1555
1517.55 31.1 1 1556
1517.56 31.12 1 1557
1517.57 31.14 1 1558
1517.58 31.16 1 1559
1517.59 31.18 1 1560
1517.6 31.2 1 1561
1517.61 31.22 1 1562
1517.62 31.24 1 1563
1517.63 31.26 1 1564
1517.64 31.28 1 1565
1517.65 31.3 1 1566
1517.66 31.32 1 1567
1517.67 31.34 1 1568
1517.68 31.36 1 1569
1517.69 31.38 1 1570
1517.7 31.4 1 1571
1517.71 31.42 1 1572
1517.72 31.44 1 1573
1517.73 31.46 1 1574
1517.74 31.48 1 1575
1517.75 31.5 1 1576
1517.76 31.52 1 1577
1517.77 31.54 1 1578
1517.78 31.56 1 1579
1517.79 31.58 1 1580
1517.8 31.6 1 1581
1517.81 31.62 1 1582
1517.82 31.64 1 1583
1517.83 31.66 1 1584
1517.84 31.68 1 1585
1517.85 31.7 1 1586
1517.86 31.72 1 1587
1517.87 31.74 1 1588
1517.88 31.76 1 1589
1517.89 31.78 1 1590
1517.9 31.8 1 1591
1517.91 31.82 1 1592
1517.92 31.84 1 1593
1517.93 31.86 1 1594
1517.94 31.88 1 1595
1517.95 31.9 1 1596
1517.96 31.92 1 1597
1517.97 31.94 1 1598
1517.98 31.96 1 1599
1517.99 31.98 1 1600
1518 32 1 1601
1518.01 32.02 1 1602
1518.02 32.04 1 1603
1518.03 32.06 1 1604
1518.04 32.08 1 1605
1518.05 32.1 1 1606
1518.06 32.12 1 1607
1518.07 32.14 1 1608
1518.08 32.16 1 1609
1518.09 32.18 1 1610
1518.1 32.2 1 1611
1518.11 32.22 1 1612
1518.12 32.24 1 1613
1518.13 32.26 1 1614
1518.14 32.28 1 1615
1518.15 32.3 1 1616
1518.16 32.32 1 1617
1518.17 32.34 1 1618
1518.18 32.36 1 1619
1518.19 32.38 1 1620
1518.2 32.4 1 1621
1518.21 32.42 1 1622
1518.22 32.44 1 1623
1518.23 32.46 1 1624
1518.24 32.48 1 1625
1518.25 32.5 1 1626
1518.26 32.52 1 1627
1518.27 32.54 1 1628
1518.28 32.56 1 1629
1518.29 32.58 1 1630
1518.3 32.6 1 1631
1518.31 32.62 1 1632
1518.32 32.64 1 1633
1518.33 32.66 1 1634
1518.34 32.68 1 1635
1518.35 32.7 1 1636
1518.36 32.72 1 1637
1518.37 32.74 1 1638
1518.38 32.76 1 1639
1518.39 32.78 1 1640
1518.4 32.8 1 1641
1518.41 32.82 1 1642
1518.42 32.84 1 1643
1518.43 32.86 1 1644
1518.44 32.88 1 1645
1518.45 32.9 1 1646
1518.46 32.92 1 1647
1518.47 32.94 1 1648
1518.48 32.96 1 1649
1518.49 32.98 1 1650
1518.5 33 1 1651
1518.51 33.02 1 1652
1518.52 33.04 1 1653
1518.53 33.06 1 1654
1518.54 33.08 1 1655
1518.55 33.1 1 1656
1518.56 33.12 1 1657
1518.57 33.14 1 1658
1518.58 33.16 1 1659
1518.59 33.18 1 1660
1518.6 33.2 1 1661
1518.61 33.22 1 1662
1518.62 33.24 1 1663
1518.63 33.26 1 1664
1518.64 33.28 1 1665
1518.65 33.3 1 1666
1518.66 33.32 1 1667
1518.67 33.34 1 1668
1518.68 33.36 1 1669
1518.69 33.38 1 1670
1518.7 33.4 1 1671
1518.71 33.42 1 1672
1518.72 33.44 1 1673
1518.73 33.46 1 1674
1518.74 33.48 1 1675
1518.75 33.5 1 1676
1518.76 33.52 1 1677
1518.77 33.54 1 1678
1518.78 33.56 1 1679
1518.79 33.58 1 1680
1518.8 33.6 1 1681
1518.81 33.62 1 1682
1518.82 33.64 1 1683
1518.83 33.66 1 1684
1518.84 33.68 1 1685
1518.85 33.7 1 1686
1518.86 33.72 1 1687
1518.87 33.74 1 1688
1518.88 33.76 1 1689
1518.89 33.78 1 1690
1518.9 33.8 1 1691
1518.91 33.82 1 1692
1518.92 33.84 1 1693
1518.93 33.86 1 1694
1518.94 33.88 1 1695
1518.95 33.9 1 1696
1518.96 33.92 1 1697
1518.97 33.94 1 1698
1518.98 33.96 1 1699
1518.99 33.98 1 1700
1519 34 1 1701
1519.01 34.02 1 1702
1519.02 34.04 1 1703
1519.03 34.06 1 1704
1519.04 34.08 1 1705
1519.05 34.1 1 1706
1519.06 34.12 1 1707
1519.07 34.14 1 1708
1519.08 34.16 1 1709
1519.09 34.18 1 1710
1519.1 34.2 1 1711
1519.11 34.22 1 1712
1519.12 34.24 1 1713
1519.13 34.26 1 1714
1519.14 34.28 1 1715
1519.15 34.3 1 1716
1519.16 34.32 1 1717
1519.17 34.34 1 1718
1519.18 34.36 1 1719
1519.19 34.38 1 1720
1519.2 34.4 1 1721
1519.21 34.42 1 1722
1519.22 34.44 1 1723
1519.23 34.46 1 1724
1519.24 34.48 1 1725
1519.25 34.5 1 1726
1519.26 34.52 1 1727
1519.27 34.54 1 1728
1519.28 34.56 1 1729
1519.29 34.58 1 1730
1519.3 34.6 1 1731
1519.31 34.62 1 1732
1519.32 34.64 1 1733
1519.33 34.66 1 1734
1519.34 34.68 1 1735
1519.35 34.7 1 1736
1519.36 34.72 1 1737
1519.37 34.74 1 1738
1519.38 34.76 1 1739
1519.39 34.78 1 1740
1519.4 34.8 1 1741
1519.41 34.82 1 1742
1519.42 34.84 1 1743
1519.43 34.86 1 1744
1519.44 34.88 1 1745
1519.45 34.9 1 1746
1519.46 34.92 1 1747
1519.47 34.94 1 1748
1519.48 34.96 1 1749
1519.49 34.98 1 1750
1519.5 35 1 1751
1519.51 35.02 1 1752
1519.52 35.04 1 1753
1519.53 35.06 1 1754
1519.54 35.08 1 1755
1519.55 35.1 1 1756
1519.56 35.12 1 1757
1519.57 35.14 1 1758
1519.58 35.16 1 1759
1519.59 35.18 1 1760
1519.6 35.2 1 1761
1519.61 35.22 1 1762
1519.62 35.24 1 1763
1519.63 35.26 1 1764
1519.64 35.28 1 1765
1519.65 35.3 1 1766
1519.66 35.32 1 1767
1519.67 35.34 1 1768
1519.68 35.36 1 1769
1519.69 35.38 1 1770
1519.7 35.4 1 1771
1519.71 35.42 1 1772
1519.72 35.44 1 1773
1519.73 35.46 1 1774
1519.74 35.48 1 1775
1519.75 35.5 1 1776
1519.76 35.52 1 1777
1519.77 35.54 1 1778
1519.78 35.56 1 1779
1519.79 35.58 1 1780
1519.8 35.6 1 1781
1519.81 35.62 1 1782
1519.82 35.64 1 1783
1519.83 35.66 1 1784
1519.84 35.68 1 1785
1519.85 35.7 1 1786
1519.86 35.72 1 1787
1519.87 35.74 1 1788
1519.88 35.76 1 1789
1519.89 35.78 1 1790
1519.9 35.8 1 1791
1519.91 35.82 1 1792
1519.92 35.84 1 1793
1519.93 35.86 1 1794
1519.94 35.88 1 1795
1519.95 35.9 1 1796
1519.96 35.92 1 1797
1519.97 35.94 1 1798
1519.98 35.96 1 1799
1519.99 35.98 1 1800
1520 36 1 1801
1520.01 36.02 1 1802
1520.02 36.04 1 1803
1520.03 36.06 1 1804
1520.04 36.08 1 1805
1520.05 36.1 1 1806
1520.06 36.12 1 1807
1520.07 36.14 1 1808
1520.08 36.16 1 1809
1520.09 36.18 1 1810
1520.1 36.2 1 1811
1520.11 36.22 1 1812
1520.12 36.24 1 1813
1520.13 36.26 1 1814
1520.14 36.28 1 1815
1520.15 36.3 1 1816
1520.16 36.32 1 1817
1520.17 36.34 1 1818
1520.18 36.36 1 1819
1520.19 36.38 1 1820
1520.2 36.4 1 1821
1520.21 36.42 1 1822
1520.22 36.44 1 1823
1520.23 36.46 1 1824
1520.24 36.48 1 1825
1520.25 36.5 1 1826
1520.26 36.52 1 1827
1520.27 36.54 1 1828
1520.28 36.56 1 1829
1520.29 36.58 1 1830
1520.3 36.6 1 1831
1520.31 36.62 1 1832
1520.32 36.64 1 1833
1520.33 36.66 1 1834
1520.34 36.68 1 1835
1520.35 36.7 1 1836
1520.36 36.72 1 1837
1520.37 36.74 1 1838
1520.38 36.76 1 1839
1520.39 36.78 1 1840
1520.4 36.8 1 1841
1520.41 36.82 1 1842
1520.42 36.84 1 1843
1520.43 36.86 1 1844
1520.44 36.88 1 1845
1520.45 36.9 1 1846
1520.46 36.92 1 1847
1520.47 36.94 1 1848
1520.48 36.96 1 1849
1520.49 36.98 1 1850
1520.5 37 1 1851
1520.51 37.02 1 1852
1520.52 37.04 1 1853
1520.53 37.06 1 1854
1520.54 37.08 1 1855
1520.55 37.1 1 1856
1520.56 37.12 1 1857
1520.57 37.14 1 1858
1520.58 37.16 1 1859
1520.59 37.18 1 1860
1520.6 37.2 1 1861
1520.61 37.22 1 1862
1520.62 37.24 1 1863
1520.63 37.26 1 1864
1520.64 37.28 1 1865
1520.65 37.3 1 1866
1520.66 37.32 1 1867
1520.67 37.34 1 1868
1520.68 37.36 1 1869
1520.69 37.38 1 1870
1520.7 37.4 1 1871
1520.71 37.42 1 1872
1520.72 37.44 1 1873
1520.73 37.46 1 1874
1520.74 37.48 1 1875
1520.75 37.5 1 1876
1520.76 37.52 1 1877
1520.77 37.54 1 1878
1520.78 37.56 1 1879
1520.79 37.58 1 1880
1520.8 37.6 1 1881
1520.81 37.62 1 1882
1520.82 37.64 1 1883
1520.83 37.66 1 1884
1520.84 37.68 1 1885
1520.85 37.7 1 1886
1520.86 37.72 1 1887
1520.87 37.74 1 1888
1520.88 37.76 1 1889
1520.89 37.78 1 1890
1520.9 37.8 1 1891
1520.91 37.82 1 1892
1520.92 37.84 1 1893
1520.93 37.86 1 1894
1520.94 37.88 1 1895
1520.95 37.9 1 1896
1520.96 37.92 1 1897
1520.97 37.94 1 1898
1520.98 37.96 1 1899
1520.99 37.98 1 1900
1521 38 1 1901
1521.01 38.02 1 1902
1521.02 38.04 1 1903
1521.03 38.06 1 1904
1521.04 38.08 1 1905
1521.05 38.1 1 1906
1521.06 38.12 1 1907
1521.07 38.14 1 1908
1521.08 38.16 1 1909
1521.09 38.18 1 1910
1521.1 38.2 1 1911
1521.11 38.22 1 1912
1521.12 38.24 1 1913
1521.13 38.26 1 1914
1521.14 38.28 1 1915
1521.15 38.3 1 1916
1521.16 38.32 1 1917
1521.17 38.34 1 1918
1521.18 38.36 1 1919
1521.19 38.38 1 1920
1521.2 38.4 1 1921
1521.21 38.42 1 1922
1521.22 38.44 1 1923
1521.23 38.46 1 1924
1521.24 38.48 1 1925
1521.25 38.5 1 1926
1521.26 38.52 1 1927
1521.27 38.54 1 1928
1521.28 38.56 1 1929
1521.29 38.58 1 1930
1521.3 38.6 1 1931
1521.31 38.62 1 1932
1521.32 38.64 1 1933
1521.33 38.66 1 1934
1521.34 38.68 1 1935
1521.35 38.7 1 1936
1521.36 38.72 1 1937
1521.37 38.74 1 1938
1521.38 38.76 1 1939
1521.39 38.78 1 1940
1521.4 38.8 1 1941
1521.41 38.82 1 1942
1521.42 38.84 1 1943
1521.43 38.86 1 1944
1521.44 38.88 1 1945
1521.45 38.9 1 1946
1521.46 38.92 1 1947
1521.47 38.94 1 1948
1521.48 38.96 1 1949
1521.49 38.98 1 1950
1521.5 39 1 1951
1521.51 39.02 1 1952
1521.52 39.04 1 1953
1521.53 39.06 1 1954
1521.54 39.08 1 1955
1521.55 39.1 1 1956
1521.56 39.12 1 1957
1521.57 39.14 1 1958
1521.58 39.16 1 1959
1521.59 39.18 1 1960
1521.6 39.2 1 1961
1521.61 39.22 1 1962
1521.62 39.24 1 1963
1521.63 39.26 1 1964
1521.64 39.28 1 1965
1521.65 39.3 1 1966
1521.66 39.32 1 1967
1521.67 39.34 1 1968
1521.68 39.36 1 1969
1521.69 39.38 1 1970
1521.7 39.4 1 1971
1521.71 39.42 1 1972
1521.72 39.44 1 1973
1521.73 39.46 1 1974
1521.74 39.48 1 1975
1521.75 39.5 1 1976
1521.76 39.52 1 1977
1521.77 39.54 1 1978
1521.78 39.56 1 1979
1521.79 39.58 1 1980
1521.8 39.6 1 1981
1521.81 39.62 1 1982
1521.82 39.64 1 1983
1521.83 39.66 1 1984
1521.84 39.68 1 1985
1521.85 39.7 1 1986
1521.86 39.72 1 1987
1521.87 39.74 1 1988
1521.88 39.76 1 1989
1521.89 39.78 1 1990
1521.9 39.8 1 1991
1521.91 39.82 1 1992
1521.92 39.84 1 1993
1521.93 39.86 1 1994
1521.94 39.88 1 1995
1521.95 39.9 1 1996
1521.96 39.92 1 1997
1521.97 39.94 1 1998
1521.98 39.96 1 1999
1521.99 39.98 1 2000
1522 40 1 2001
1522.01 40.02 1 2002
1522.02 40.04 1 2003
1522.03 40.06 1 2004
1522.04 40.08 1 2005
1522.05 40.1 1 2006
1522.06 40.12 1 2007
1522.07 40.14 1 2008
1522.08 40.16 1 2009
1522.09 40.18 1 2010
1522.1 40.2 1 2011
1522.11 40.22 1 2012
1522.12 40.24 1 2013
1522.13 40.26 1 2014
1522.14 40.28 1 2015
1522.15 40.3 1 2016
1522.16 40.32 1 2017
1522.17 40.34 1 2018
1522.18 40.36 1 2019
1522.19 40.38 1 2020
1522.2 40.4 1 2021
1522.21 40.42 1 2022
1522.22 40.44 1 2023
1522.23 40.46 1 2024
1522.24 40.48 1 2025
1522.25 40.5 1 2026
1522.26 40.52 1 2027
1522.27 40.54 1 2028
1522.28 40.56 1 2029
1522.29 40.58 1 2030
1522.3 40.6 1 2031
1522.31 40.62 1 2032
1522.32 40.64 1 2033
1522.33 40.66 1 2034
1522.34 40.68 1 2035
1522.35 40.7 1 2036
1522.36 40.72 1 2037
1522.37 40.74 1 2038
1522.38 40.76 1 2039
1522.39 40.78 1 2040
1522.4 40.8 1 2041
1522.41 40.82 1 2042
1522.42 40.84 1 2043
1522.43 40.86 1 2044
1522.44 40.88 1 2045
1522.45 40.9 1 2046
1522.46 40.92 1 2047
1522.47 40.94 1 2048
1522.48 40.96 1 2049
1522.49 40.98 1 2050
1522.5 41 1 2051
1522.51 41.02 1 2052
1522.52 41.04 1 2053
1522.53 41.06 1 2054
1522.54 41.08 1 2055
1522.55 41.1 1 2056
1522.56 41.12 1 2057
1522.57 41.14 1 2058
1522.58 41.16 1 2059
1522.59 41.18 1 2060
1522.6 41.2 1 2061
1522.61 41.22 1 2062
1522.62 41.24 1 2063
1522.63 41.26 1 2064
1522.64 41.28 1 2065
1522.65 41.3 1 2066
1522.66 41.32 1 2067
1522.67 41.34 1 2068
1522.68 41.36 1 2069
1522.69 41.38 1 2070
1522.7 41.4 1 2071
1522.71 41.42 1 2072
1522.72 41.44 1 2073
1522.73 41.46 1 2074
1522.74 41.48 1 2075
1522.75 41.5 1 2076
1522.76 41.52 1 2077
1522.77 41.54 1 2078
1522.78 41.56 1 2079
1522.79 41.58 1 2080
1522.8 41.6 1 2081
1522.81 41.62 1 2082
1522.82 41.64 1 2083
1522.83 41.66 1 2084
1522.84 41.68 1 2085
1522.85 41.7 1 2086
1522.86 41.72 1 2087
1522.87 41.74 1 2088
1522.88 41.76 1 2089
1522.89 41.78 1 2090
1522.9 41.8 1 2091
1522.91 41.82 1 2092
1522.92 41.84 1 2093
1522.93 41.86 1 2094
1522.94 41.88 1 2095
1522.95 41.9 1 2096
1522.96 41.92 1 2097
1522.97 41.94 1 2098
1522.98 41.96 1 2099
1522.99 41.98 1 2100
1523 42 1 2101
1523.01 42.02 1 2102
1523.02 42.04 1 2103
1523.03 42.06 1 2104
1523.04 42.08 1 2105
1523.05 42.1 1 2106
1523.06 42.12 1 2107
1523.07 42.14 1 2108
1523.08 42.16 1 2109
1523.09 42.18 1 2110
1523.1 42.2 1 2111
1523.11 42.22 1 2112
1523.12 42.24 1 2113
1523.13 42.26 1 2114
1523.14 42.28 1 2115
1523.15 42.3 1 2116
1523.16 42.32 1 2117
1523.17 42.34 1 2118
1523.18 42.36 1 2119
1523.19 42.38 1 2120
1523.2 42.4 1 2121
1523.21 42.42 1 2122
1523.22 42.44 1 2123
1523.23 42.46 1 2124
1523.24 42.48 1 2125
1523.25 42.5 1 2126
1523.26 42.52 1 2127
1523.27 42.54 1 2128
1523.28 42.56 1 2129
1523.29 42.58 1 2130
1523.3 42.6 1 2131
1523.31 42.62 1 2132
1523.32 42.64 1 2133
1523.33 42.66 1 2134
1523.34 42.68 1 2135
1523.35 42.7 1 2136
1523.36 42.72 1 2137
1523.37 42.74 1 2138
1523.38 42.76 1 2139
1523.39 42.78 1 2140
1523.4 42.8 1 2141
1523.41 42.82 1 2142
1523.42 42.84 1 2143
1523.43 42.86 1 2144
1523.44 42.88 1 2145
1523.45 42.9 1 2146
1523.46 42.92 1 2147
1523.47 42.94 1 2148
1523.48 42.96 1 2149
1523.49 42.98 1 2150
1523.5 43 1 2151
1523.51 43.02 1 2152
1523.52 43.04 1 2153
1523.53 43.06 1 2154
1523.54 43.08 1 2155
1523.55 43.1 1 2156
1523.56 43.12 1 2157
1523.57 43.14 1 2158
1523.58 43.16 1 2159
1523.59 43.18 1 2160
1523.6 43.2 1 2161
1523.61 43.22 1 2162
1523.62 43.24 1 2163
1523.63 43.26 1 2164
1523.64 43.28 1 2165
1523.65 43.3 1 2166
1523.66 43.32 1 2167
1523.67 43.34 1 2168
1523.68 43.36 1 2169
1523.69 43.38 1 2170
1523.7 43.4 1 2171
1523.71 43.42 1 2172
1523.72 43.44 1 2173
1523.73 43.46 1 2174
1523.74 43.48 1 2175
1523.75 43.5 1 2176
1523.76 43.52 1 2177
1523.77 43.54 1 2178
1523.78 43.56 1 2179
1523.79 43.58 1 2180
1523.8 43.6 1 2181
1523.81 43.62 1 2182
1523.82 43.64 1 2183
1523.83 43.66 1 2184
1523.84 43.68 1 2185
1523.85 43.7 1 2186
1523.86 43.72 1 2187
1523.87 43.74 1 2188
1523.88 43.76 1 2189
1523.89 43.78 1 2190
1523.9 43.8 1 2191
1523.91 43.82 1 2192
1523.92 43.84 1 2193
1523.93 43.86 1 2194
1523.94 43.88 1 2195
1523.95 43.9 1 2196
1523.96 43.92 1 2197
1523.97 43.94 1 2198
1523.98 43.96 1 2199
1523.99 43.98 1 2200
1524 44 1 2201
1524.01 44.02 1 2202
1524.02 44.04 1 2203
1524.03 44.06 1 2204
1524.04 44.08 1 2205
1524.05 44.1 1 2206
1524.06 44.12 1 2207
1524.07 44.14 1 2208
1524.08 44.16 1 2209
1524.09 44.18 1 2210
1524.1 44.2 1 2211
1524.11 44.22 1 2212
1524.12 44.24 1 2213
1524.13 44.26 1 2214
1524.14 44.28 1 2215
1524.15 44.3 1 2216
1524.16 44.32 1 2217
1524.17 44.34 1 2218
1524.18 44.36 1 2219
1524.19 44.38 1 2220
1524.2 44.4 1 2221
1524.21 44.42 1 2222
1524.22 44.44 1 2223
1524.23 44.46 1 2224
1524.24 44.48 1 2225
1524.25 44.5 1 2226
1524.26 44.52 1 2227
1524.27 44.54 1 2228
1524.28 44.56 1 2229
1524.29 44.58 1 2230
1524.3 44.6 1 2231
1524.31 44.62 1 2232
1524.32 44.64 1 2233
1524.33 44.66 1 2234
1524.34 44.68 1 2235
1524.35 44.7 1 2236
1524.36 44.72 1 2237
1524.37 44.74 1 2238
1524.38 44.76 1 2239
1524.39 44.78 1 2240
1524.4 44.8 1 2241
1524.41 44.82 1 2242
1524.42 44.84 1 2243
1524.43 44.86 1 2244
1524.44 44.88 1 2245
1524.45 44.9 1 2246
1524.46 44.92 1 2247
1524.47 44.94 1 2248
1524.48 44.96 1 2249
1524.49 44.98 1 2250
1524.5 45 1 2251
1524.51 45.02 1 2252
1524.52 45.04 1 2253
1524.53 45.06 1 2254
1524.54 45.08 1 2255
1524.55 45.1 1 2256
1524.56 45.12 1 2257
1524.57 45.14 1 2258
1524.58 45.16 1 2259
1524.59 45.18 1 2260
1524.6 45.2 1 2261
1524.61 45.22 1 2262
1524.62 45.24 1 2263
1524.63 45.26 1 2264
1524.64 45.28 1 2265
1524.65 45.3 1 2266
1524.66 45.32 1 2267
1524.67 45.34 1 2268
1524.68 45.36 1 2269
1524.69 45.38 1 2270
1524.7 45.4 1 2271
1524.71 45.42 1 2272
1524.72 45.44 1 2273
1524.73 45.46 1 2274
1524.74 45.48 1 2275
1524.75 45.5 1 2276
1524.76 45.52 1 2277
1524.77 45.54 1 2278
1524.78 45.56 1 2279
1524.79 45.58 1 2280
1524.8 45.6 1 2281
1524.81 45.62 1 2282
1524.82 45.64 1 2283
1524.83 45.66 1 2284
1524.84 45.68 1 2285
1524.85 45.7 1 2286
1524.86 45.72 1 2287
1524.87 45.74 1 2288
1524.88 45.76 1 2289
1524.89 45.78 1 2290
1524.9 45.8 1 2291
1524.91 45.82 1 2292
1524.92 45.84 1 2293
1524.93 45.86 1 2294
1524.94 45.88 1 2295
1524.95 45.9 1 2296
1524.96 45.92 1 2297
1524.97 45.94 1 2298
1524.98 45.96 1 2299
1524.99 45.98 1 2300
1525 46 1 2301
1525.01 46.02 1 2302
1525.02 46.04 1 2303
1525.03 46.06 1 2304
1525.04 46.08 1 2305
1525.05 46.1 1 2306
1525.06 46.12 1 2307
1525.07 46.14 1 2308
1525.08 46.16 1 2309
1525.09 46.18 1 2310
1525.1 46.2 1 2311
1525.11 46.22 1 2312
1525.12 46.24 1 2313
1525.13 46.26 1 2314
1525.14 46.28 1 2315
1525.15 46.3 1 2316
1525.16 46.32 1 2317
1525.17 46.34 1 2318
1525.18 46.36 1 2319
1525.19 46.38 1 2320
1525.2 46.4 1 2321
1525.21 46.42 1 2322
1525.22 46.44 1 2323
1525.23 46.46 1 2324
1525.24 46.48 1 2325
1525.25 46.5 1 2326
1525.26 46.52 1 2327
1525.27 46.54 1 2328
1525.28 46.56 1 2329
1525.29 46.58 1 2330
1525.3 46.6 1 2331
1525.31 46.62 1 2332
1525.32 46.64 1 2333
1525.33 46.66 1 2334
1525.34 46.68 1 2335
1525.35 46.7 1 2336
1525.36 46.72 1 2337
1525.37 46.74 1 2338
1525.38 46.76 1 2339
1525.39 46.78 1 2340
1525.4 46.8 1 2341
1525.41 46.82 1 2342
1525.42 46.84 1 2343
1525.43 46.86 1 2344
1525.44 46.88 1 2345
1525.45 46.9 1 2346
1525.46 46.92 1 2347
1525.47 46.94 1 2348
1525.48 46.96 1 2349
1525.49 46.98 1 2350
1525.5 47 1 2351
1525.51 47.02 1 2352
1525.52 47.04 1 2353
1525.53 47.06 1 2354
1525.54 47.08 1 2355
1525.55 47.1 1 2356
1525.56 47.12 1 2357
1525.57 47.14 1 2358
1525.58 47.16 1 2359
1525.59 47.18 1 2360
1525.6 47.2 1 2361
1525.61 47.22 1 2362
1525.62 47.24 1 2363
1525.63 47.26 1 2364
1525.64 47.28 1 2365
1525.65 47.3 1 2366
1525.66 47.32 1 2367
1525.67 47.34 1 2368
1525.68 47.36 1 2369
1525.69 47.38 1 2370
1525.7 47.4 1 2371
1525.71 47.42 1 2372
1525.72 47.44 1 2373
1525.73 47.46 1 2374
1525.74 47.48 1 2375
1525.75 47.5 1 2376
1525.76 47.52 1 2377
1525.77 47.54 1 2378
1525.78 47.56 1 2379
1525.79 47.58 1 2380
1525.8 47.6 1 2381
1525.81 47.62 1 2382
1525.82 47.64 1 2383
1525.83 47.66 1 2384
1525.84 47.68 1 2385
1525.85 47.7 1 2386
1525.86 47.72 1 2387
1525.87 47.74 1 2388
1525.88 47.76 1 2389
1525.89 47.78 1 2390
1525.9 47.8 1 2391
1525.91 47.82 1 2392
1525.92 47.84 1 2393
1525.93 47.86 1 2394
1525.94 47.88 1 2395
1525.95 47.9 1 2396
1525.96 47.92 1 2397
1525.97 47.94 1 2398
1525.98 47.96 1 2399
1525.99 47.98 1 2400
1526 48 1 2401
1526.01 48.02 1 2402
1526.02 48.04 1 2403
1526.03 48.06 1 2404
1526.04 48.08 1 2405
1526.05 48.1 1 2406
1526.06 48.12 1 2407
1526.07 48.14 1 2408
1526.08 48.16 1 2409
1526.09 48.18 1 2410
1526.1 48.2 1 2411
1526.11 48.22 1 2412
1526.12 48.24 1 2413
1526.13 48.26 1 2414
1526.14 48.28 1 2415
1526.15 48.3 1 2416
1526.16 48.32 1 2417
1526.17 48.34 1 2418
1526.18 48.36 1 2419
1526.19 48.38 1 2420
1526.2 48.4 1 2421
1526.21 48.42 1 2422
1526.22 48.44 1 2423
1526.23 48.46 1 2424
1526.24 48.48 1 2425
1526.25 48.5 1 2426
1526.26 48.52 1 2427
1526.27 48.54 1 2428
1526.28 48.56 1 2429
1526.29 48.58 1 2430
1526.3 48.6 1 2431
1526.31 48.62 1 2432
1526.32 48.64 1 2433
1526.33 48.66 1 2434
1526.34 48.68 1 2435
1526.35 48.7 1 2436
1526.36 48.72 1 2437
1526.37 48.74 1 2438
1526.38 48.76 1 2439
1526.39 48.78 1 2440
1526.4 48.8 1 2441
1526.41 48.82 1 2442
1526.42 48.84 1 2443
1526.43 48.86 1 2444
1526.44 48.88 1 2445
1526.45 48.9 1 2446
1526.46 48.92 1 2447
1526.47 48.94 1 2448
1526.48 48.96 1 2449
1526.49 48.98 1 2450
1526.5 49 1 2451
1526.51 49.02 1 2452
1526.52 49.04 1 2453
1526.53 49.06 1 2454
1526.54 49.08 1 2455
1526.55 49.1 1 2456
1526.56 49.12 1 2457
1526.57 49.14 1 2458
1526.58 49.16 1 2459
1526.59 49.18 1 2460
1526.6 49.2 1 2461
1526.61 49.22 1 2462
1526.62 49.24 1 2463
1526.63 49.26 1 2464
1526.64 49.28 1 2465
1526.65 49.3 1 2466
1526.66 49.32 1 2467
1526.67 49.34 1 2468
1526.68 49.36 1 2469
1526.69 49.38 1 2470
1526.7 49.4 1 2471
1526.71 49.42 1 2472
1526.72 49.44 1 2473
1526.73 49.46 1 2474
1526.74 49.48 1 2475
1526.75 49.5 1 2476
1526.76 49.52 1 2477
1526.77 49.54 1 2478
1526.78 49.56 1 2479
1526.79 49.58 1 2480
1526.8 49.6 1 2481
1526.81 49.62 1 2482
1526.82 49.64 1 2483
1526.83 49.66 1 2484
1526.84 49.68 1 2485
1526.85 49.7 1 2486
1526.86 49.72 1 2487
1526.87 49.74 1 2488
1526.88 49.76 1 2489
1526.89 49.78 1 2490
1526.9 49.8 1 2491
1526.91 49.82 1 2492
1526.92 49.84 1 2493
1526.93 49.86 1 2494
1526.94 49.88 1 2495
1526.95 49.9 1 2496
1526.96 49.92 1 2497
1526.97 49.94 1 2498
1526.98 49.96 1 2499
1526.99 49.98 1 2500
1527 50 1 2501
1527.01 50.02 1 2502
1527.02 50.04 1 2503
1527.03 50.06 1 2504
1527.04 50.08 1 2505
1527.05 50.1 1 2506
1527.06 50.12 1 2507
1527.07 50.14 1 2508
1527.08 50.16 1 2509
1527.09 50.18 1 2510
1527.1 50.2 1 2511
1527.11 50.22 1 2512
1527.12 50.24 1 2513
1527.13 50.26 1 2514
1527.14 50.28 1 2515
1527.15 50.3 1 2516
1527.16 50.32 1 2517
1527.17 50.34 1 2518
1527.18 50.36 1 2519
1527.19 50.38 1 2520
1527.2 50.4 1 2521
1527.21 50.42 1 2522
1527.22 50.44 1 2523
1527.23 50.46 1 2524
1527.24 50.48 1 2525
1527.25 50.5 1 2526
1527.26 50.52 1 2527
1527.27 50.54 1 2528
1527.28 50.56 1 2529
1527.29 50.58 1 2530
1527.3 50.6 1 2531
1527.31 50.62 1 2532
1527.32 50.64 1 2533
1527.33 50.66 1 2534
1527.34 50.68 1 2535
1527.35 50.7 1 2536
1527.36 50.72 1 2537
1527.37 50.74 1 2538
1527.38 50.76 1 2539
1527.39 50.78 1 2540
1527.4 50.8 1 2541
1527.41 50.82 1 2542
1527.42 50.84 1 2543
1527.43 50.86 1 2544
1527.44 50.88 1 2545
1527.45 50.9 1 2546
1527.46 50.92 1 2547
1527.47 50.94 1 2548
1527.48 50.96 1 2549
1527.49 50.98 1 2550
1527.5 51 1 2551
1527.51 51.02 1 2552
1527.52 51.04 1 2553
1527.53 51.06 1 2554
1527.54 51.08 1 2555
1527.55 51.1 1 2556
1527.56 51.12 1 2557
1527.57 51.14 1 2558
1527.58 51.16 1 2559
1527.59 51.18 1 2560
1527.6 51.2 1 2561
1527.61 51.22 1 2562
1527.62 51.24 1 2563
1527.63 51.26 1 2564
1527.64 51.28 1 2565
1527.65 51.3 1 2566
1527.66 51.32 1 2567
1527.67 51.34 1 2568
1527.68 51.36 1 2569
1527.69 51.38 1 2570
1527.7 51.4 1 2571
1527.71 51.42 1 2572
1527.72 51.44 1 2573
1527.73 51.46 1 2574
1527.74 51.48 1 2575
1527.75 51.5 1 2576
1527.76 51.52 1 2577
1527.77 51.54 1 2578
1527.78 51.56 1 2579
1527.79 51.58 1 2580
1527.8 51.6 1 2581
1527.81 51.62 1 2582
1527.82 51.64 1 2583
1527.83 51.66 1 2584
1527.84 51.68 1 2585
1527.85 51.7 1 2586
1527.86 51.72 1 2587
1527.87 51.74 1 2588
1527.88 51.76 1 2589
1527.89 51.78 1 2590
1527.9 51.8 1 2591
1527.91 51.82 1 2592
1527.92 51.84 1 2593
1527.93 51.86 1 2594
1527.94 51.88 1 2595
1527.95 51.9 1 2596
1527.96 51.92 1 2597
1527.97 51.94 1 2598
1527.98 51.96 1 2599
1527.99 51.98 1 2600
1528 52 1 2601
1528.01 52.02 1 2602
1528.02 52.04 1 2603
1528.03 52.06 1 2604
1528.04 52.08 1 2605
1528.05 52.1 1 2606
1528.06 52.12 1 2607
1528.07 52.14 1 2608
1528.08 52.16 1 2609
1528.09 52.18 1 2610
1528.1 52.2 1 2611
1528.11 52.22 1 2612
1528.12 52.24 1 2613
1528.13 52.26 1 2614
1528.14 52.28 1 2615
1528.15 52.3 1 2616
1528.16 52.32 1 2617
1528.17 52.34 1 2618
1528.18 52.36 1 2619
1528.19 52.38 1 2620
1528.2 52.4 1 2621
1528.21 52.42 1 2622
1528.22 52.44 1 2623
1528.23 52.46 1 2624
1528.24 52.48 1 2625
1528.25 52.5 1 2626
1528.26 52.52 1 2627
1528.27 52.54 1 2628
1528.28 52.56 1 2629
1528.29 52.58 1 2630
1528.3 52.6 1 2631
1528.31 52.62 1 2632
1528.32 52.64 1 2633
1528.33 52.66 1 2634
1528.34 52.68 1 2635
1528.35 52.7 1 2636
1528.36 52.72 1 2637
1528.37 52.74 1 2638
1528.38 52.76 1 2639
1528.39 52.78 1 2640
1528.4 52.8 1 2641
1528.41 52.82 1 2642
1528.42 52.84 1 2643
1528.43 52.86 1 2644
1528.44 52.88 1 2645
1528.45 52.9 1 2646
1528.46 52.92 1 2647
1528.47 52.94 1 2648
1528.48 52.96 1 2649
1528.49 52.98 1 2650
1528.5 53 1 2651
1528.51 53.02 1 2652
1528.52 53.04 1 2653
1528.53 53.06 1 2654
1528.54 53.08 1 2655
1528.55 53.1 1 2656
1528.56 53.12 1 2657
1528.57 53.14 1 2658
1528.58 53.16 1 2659
1528.59 53.18 1 2660
1528.6 53.2 1 2661
1528.61 53.22 1 2662
1528.62 53.24 1 2663
1528.63 53.26 1 2664
1528.64 53.28 1 2665
1528.65 53.3 1 2666
1528.66 53.32 1 2667
1528.67 53.34 1 2668
1528.68 53.36 1 2669
1528.69 53.38 1 2670
1528.7 53.4 1 2671
1528.71 53.42 1 2672
1528.72 53.44 1 2673
1528.73 53.46 1 2674
1528.74 53.48 1 2675
1528.75 53.5 1 2676
1528.76 53.52 1 2677
1528.77 53.54 1 2678
1528.78 53.56 1 2679
1528.79 53.58 1 2680
1528.8 53.6 1 2681
1528.81 53.62 1 2682
1528.82 53.64 1 2683
1528.83 53.66 1 2684
1528.84 53.68 1 2685
1528.85 53.7 1 2686
1528.86 53.72 1 2687
1528.87 53.74 1 2688
1528.88 53.76 1 2689
1528.89 53.78 1 2690
1528.9 53.8 1 2691
1528.91 53.82 1 2692
1528.92 53.84 1 2693
1528.93 53.86 1 2694
1528.94 53.88 1 2695
1528.95 53.9 1 2696
1528.96 53.92 1 2697
1528.97 53.94 1 2698
1528.98 53.96 1 2699
1528.99 53.98 1 2700
1529 54 1 2701
1529.01 54.02 1 2702
1529.02 54.04 1 2703
1529.03 54.06 1 2704
1529.04 54.08 1 2705
1529.05 54.1 1 2706
1529.06 54.12 1 2707
1529.07 54.14 1 2708
1529.08 54.16 1 2709
1529.09 54.18 1 2710
1529.1 54.2 1 2711
1529.11 54.22 1 2712
1529.12 54.24 1 2713
1529.13 54.26 1 2714
1529.14 54.28 1 2715
1529.15 54.3 1 2716
1529.16 54.32 1 2717
1529.17 54.34 1 2718
1529.18 54.36 1 2719
1529.19 54.38 1 2720
1529.2 54.4 1 2721
1529.21 54.42 1 2722
1529.22 54.44 1 2723
1529.23 54.46 1 2724
1529.24 54.48 1 2725
1529.25 54.5 1 2726
1529.26 54.52 1 2727
1529.27 54.54 1 2728
1529.28 54.56 1 2729
1529.29 54.58 1 2730
1529.3 54.6 1 2731
1529.31 54.62 1 2732
1529.32 54.64 1 2733
1529.33 54.66 1 2734
1529.34 54.68 1 2735
1529.35 54.7 1 2736
1529.36 54.72 1 2737
1529.37 54.74 1 2738
1529.38 54.76 1 2739
1529.39 54.78 1 2740
1529.4 54.8 1 2741
1529.41 54.82 1 2742
1529.42 54.84 1 2743
1529.43 54.86 1 2744
1529.44 54.88 1 2745
1529.45 54.9 1 2746
1529.46 54.92 1 2747
1529.47 54.94 1 2748
1529.48 54.96 1 2749
1529.49 54.98 1 2750
1529.5 55 1 2751
1529.51 55.02 1 2752
1529.52 55.04 1 2753
1529.53 55.06 1 2754
1529.54 55.08 1 2755
1529.55 55.1 1 2756
1529.56 55.12 1 2757
1529.57 55.14 1 2758
1529.58 55.16 1 2759
1529.59 55.18 1 2760
1529.6 55.2 1 2761
1529.61 55.22 1 2762
1529.62 55.24 1 2763
1529.63 55.26 1 2764
1529.64 55.28 1 2765
1529.65 55.3 1 2766
1529.66 55.32 1 2767
1529.67 55.34 1 2768
1529.68 55.36 1 2769
1529.69 55.38 1 2770
1529.7 55.4 1 2771
1529.71 55.42 1 2772
1529.72 55.44 1 2773
1529.73 55.46 1 2774
1529.74 55.48 1 2775
1529.75 55.5 1 2776
1529.76 55.52 1 2777
1529.77 55.54 1 2778
1529.78 55.56 1 2779
1529.79 55.58 1 2780
1529.8 55.6 1 2781
1529.81 55.62 1 2782
1529.82 55.64 1 2783
1529.83 55.66 1 2784
1529.84 55.68 1 2785
1529.85 55.7 1 2786
1529.86 55.72 1 2787
1529.87 55.74 1 2788
1529.88 55.76 1 2789
1529.89 55.78 1 2790
1529.9 55.8 1 2791
1529.91 55.82 1 2792
1529.92 55.84 1 2793
1529.93 55.86 1 2794
1529.94 55.88 1 2795
1529.95 55.9 1 2796
1529.96 55.92 1 2797
1529.97 55.94 1 2798
1529.98 55.96 1 2799
1529.99 55.98 1 2800
1530 56 1 2801
1530.01 56.02 1 2802
1530.02 56.04 1 2803
1530.03 56.06 1 2804
1530.04 56.08 1 2805
1530.05 56.1 1 2806
1530.06 56.12 1 2807
1530.07 56.14 1 2808
1530.08 56.16 1 2809
1530.09 56.18 1 2810
1530.1 56.2 1 2811
1530.11 56.22 1 2812
1530.12 56.24 1 2813
1530.13 56.26 1 2814
1530.14 56.28 1 2815
1530.15 56.3 1 2816
1530.16 56.32 1 2817
1530.17 56.34 1 2818
1530.18 56.36 1 2819
1530.19 56.38 1 2820
1530.2 56.4 1 2821
1530.21 56.42 1 2822
1530.22 56.44 1 2823
1530.23 56.46 1 2824
1530.24 56.48 1 2825
1530.25 56.5 1 2826
1530.26 56.52 1 2827
1530.27 56.54 1 2828
1530.28 56.56 1 2829
1530.29 56.58 1 2830
1530.3 56.6 1 2831
1530.31 56.62 1 2832
1530.32 56.64 1 2833
1530.33 56.66 1 2834
1530.34 56.68 1 2835
1530.35 56.7 1 2836
1530.36 56.72 1 2837
1530.37 56.74 1 2838
1530.38 56.76 1 2839
1530.39 56.78 1 2840
1530.4 56.8 1 2841
1530.41 56.82 1 2842
1530.42 56.84 1 2843
1530.43 56.86 1 2844
1530.44 56.88 1 2845
1530.45 56.9 1 2846
1530.46 56.92 1 2847
1530.47 56.94 1 2848
1530.48 56.96 1 2849
1530.49 56.98 1 2850
1530.5 57 1 2851
1530.51 57.02 1 2852
1530.52 57.04 1 2853
1530.53 57.06 1 2854
1530.54 57.08 1 2855
1530.55 57.1 1 2856
1530.56 57.12 1 2857
1530.57 57.14 1 2858
1530.58 57.16 1 2859
1530.59 57.18 1 2860
1530.6 57.2 1 2861
1530.61 57.22 1 2862
1530.62 57.24 1 2863
1530.63 57.26 1 2864
1530.64 57.28 1 2865
1530.65 57.3 1 2866
1530.66 57.32 1 2867
1530.67 57.34 1 2868
1530.68 57.36 1 2869
1530.69 57.38 1 2870
1530.7 57.4 1 2871
1530.71 57.42 1 2872
1530.72 57.44 1 2873
1530.73 57.46 1 2874
1530.74 57.48 1 2875
1530.75 57.5 1 2876
1530.76 57.52 1 2877
1530.77 57.54 1 2878
1530.78 57.56 1 2879
1530.79 57.58 1 2880
1530.8 57.6 1 2881
1530.81 57.62 1 2882
1530.82 57.64 1 2883
1530.83 57.66 1 2884
1530.84 57.68 1 2885
1530.85 57.7 1 2886
1530.86 57.72 1 2887
1530.87 57.74 1 2888
1530.88 57.76 1 2889
1530.89 57.78 1 2890
1530.9 57.8 1 2891
1530.91 57.82 1 2892
1530.92 57.84 1 2893
1530.93 57.86 1 2894
1530.94 57.88 1 2895
1530.95 57.9 1 2896
1530.96 57.92 1 2897
1530.97 57.94 1 2898
1530.98 57.96 1 2899
1530.99 57.98 1 2900
1531 58 1 2901
1531.01 58.02 1 2902
1531.02 58.04 1 2903
1531.03 58.06 1 2904
1531.04 58.08 1 2905
1531.05 58.1 1 2906
1531.06 58.12 1 2907
1531.07 58.14 1 2908
1531.08 58.16 1 2909
1531.09 58.18 1 2910
1531.1 58.2 1 2911
1531.11 58.22 1 2912
1531.12 58.24 1 2913
1531.13 58.26 1 2914
1531.14 58.28 1 2915
1531.15 58.3 1 2916
1531.16 58.32 1 2917
1531.17 58.34 1 2918
1531.18 58.36 1 2919
1531.19 58.38 1 2920
1531.2 58.4 1 2921
1531.21 58.42 1 2922
1531.22 58.44 1 2923
1531.23 58.46 1 2924
1531.24 58.48 1 2925
1531.25 58.5 1 2926
1531.26 58.52 1 2927
1531.27 58.54 1 2928
1531.28 58.56 1 2929
1531.29 58.58 1 2930
1531.3 58.6 1 2931
1531.31 58.62 1 2932
1531.32 58.64 1 2933
1531.33 58.66 1 2934
1531.34 58.68 1 2935
1531.35 58.7 1 2936
1531.36 58.72 1 2937
1531.37 58.74 1 2938
1531.38 58.76 1 2939
1531.39 58.78 1 2940
1531.4 58.8 1 2941
1531.41 58.82 1 2942
1531.42 58.84 1 2943
1531.43 58.86 1 2944
1531.44 58.88 1 2945
1531.45 58.9 1 2946
1531.46 58.92 1 2947
1531.47 58.94 1 2948
1531.48 58.96 1 2949
1531.49 58.98 1 2950
1531.5 59 1 2951
1531.51 59.02 1 2952
1531.52 59.04 1 2953
1531.53 59.06 1 2954
1531.54 59.08 1 2955
1531.55 59.1 1 2956
1531.56 59.12 1 2957
1531.57 59.14 1 2958
1531.58 59.16 1 2959
1531.59 59.18 1 2960
1531.6 59.2 1 2961
1531.61 59.22 1 2962
1531.62 59.24 1 2963
1531.63 59.26 1 2964
1531.64 59.28 1 2965
1531.65 59.3 1 2966
1531.66 59.32 1 2967
1531.67 59.34 1 2968
1531.68 59.36 1 2969
1531.69 59.38 1 2970
1531.7 59.4 1 2971
1531.71 59.42 1 2972
1531.72 59.44 1 2973
1531.73 59.46 1 2974
1531.74 59.48 1 2975
1531.75 59.5 1 2976
1531.76 59.52 1 2977
1531.77 59.54 1 2978
1531.78 59.56 1 2979
1531.79 59.58 1 2980
1531.8 59.6 1 2981
1531.81 59.62 1 2982
1531.82 59.64 1 2983
1531.83 59.66 1 2984
1531.84 59.68 1 2985
1531.85 59.7 1 2986
1531.86 59.72 1 2987
1531.87 59.74 1 2988
1531.88 59.76 1 2989
1531.89 59.78 1 2990
1531.9 59.8 1 2991
1531.91 59.82 1 2992
1531.92 59.84 1 2993
1531.93 59.86 1 2994
1531.94 59.88 1 2995
1531.95 59.9 1 2996
1531.96 59.92 1 2997
1531.97 59.94 1 2998
1531.98 59.96 1 2999
1531.99 59.98 1 3000
1532 60 1 3001
1532.01 60.02 1 3002
1532.02 60.04 1 3003
1532.03 60.06 1 3004
1532.04 60.08 1 3005
1532.05 60.1 1 3006
1532.06 60.12 1 3007
1532.07 60.14 1 3008
1532.08 60.16 1 3009
1532.09 60.18 1 3010
1532.1 60.2 1 3011
1532.11 60.22 1 3012
1532.12 60.24 1 3013
1532.13 60.26 1 3014
1532.14 60.28 1 3015
1532.15 60.3 1 3016
1532.16 60.32 1 3017
1532.17 60.34 1 3018
1532.18 60.36 1 3019
1532.19 60.38 1 3020
1532.2 60.4 1 3021
1532.21 60.42 1 3022
1532.22 60.44 1 3023
1532.23 60.46 1 3024
1532.24 60.48 1 3025
1532.25 60.5 1 3026
1532.26 60.52 1 3027
1532.27 60.54 1 3028
1532.28 60.56 1 3029
1532.29 60.58 1 3030
1532.3 60.6 1 3031
1532.31 60.62 1 3032
1532.32 60.64 1 3033
1532.33 60.66 1 3034
1532.34 60.68 1 3035
1532.35 60.7 1 3036
1532.36 60.72 1 3037
1532.37 60.74 1 3038
1532.38 60.76 1 3039
1532.39 60.78 1 3040
1532.4 60.8 1 3041
1532.41 60.82 1 3042
1532.42 60.84 1 3043
1532.43 60.86 1 3044
1532.44 60.88 1 3045
1532.45 60.9 1 3046
1532.46 60.92 1 3047
1532.47 60.94 1 3048
1532.48 60.96 1 3049
1532.49 60.98 1 3050
1532.5 61 1 3051
1532.51 61.02 1 3052
1532.52 61.04 1 3053
1532.53 61.06 1 3054
1532.54 61.08 1 3055
1532.55 61.1 1 3056
1532.56 61.12 1 3057
1532.57 61.14 1 3058
1532.58 61.16 1 3059
1532.59 61.18 1 3060
1532.6 61.2 1 3061
1532.61 61.22 1 3062
1532.62 61.24 1 3063
1532.63 61.26 1 3064
1532.64 61.28 1 3065
1532.65 61.3 1 3066
1532.66 61.32 1 3067
1532.67 61.34 1 3068
1532.68 61.36 1 3069
1532.69 61.38 1 3070
1532.7 61.4 1 3071
1532.71 61.42 1 3072
1532.72 61.44 1 3073
1532.73 61.46 1 3074
1532.74 61.48 1 3075
1532.75 61.5 1 3076
1532.76 61.52 1 3077
1532.77 61.54 1 3078
1532.78 61.56 1 3079
1532.79 61.58 1 3080
1532.8 61.6 1 3081
1532.81 61.62 1 3082
1532.82 61.64 1 3083
1532.83 61.66 1 3084
1532.84 61.68 1 3085
1532.85 61.7 1 3086
1532.86 61.72 1 3087
1532.87 61.74 1 3088
1532.88 61.76 1 3089
1532.89 61.78 1 3090
1532.9 61.8 1 3091
1532.91 61.82 1 3092
1532.92 61.84 1 3093
1532.93 61.86 1 3094
1532.94 61.88 1 3095
1532.95 61.9 1 3096
1532.96 61.92 1 3097
1532.97 61.94 1 3098
1532.98 61.96 1 3099
1532.99 61.98 1 3100
1533 62 1 3101
1533.01 62.02 1 3102
1533.02 62.04 1 3103
1533.03 62.06 1 3104
1533.04 62.08 1 3105
1533.05 62.1 1 3106
1533.06 62.12 1 3107
1533.07 62.14 1 3108
1533.08 62.16 1 3109
1533.09 62.18 1 3110
1533.1 62.2 1 3111
1533.11 62.22 1 3112
1533.12 62.24 1 3113
1533.13 62.26 1 3114
1533.14 62.28 1 3115
1533.15 62.3 1 3116
1533.16 62.32 1 3117
1533.17 62.34 1 3118
1533.18 62.36 1 3119
1533.19 62.38 1 3120
1533.2 62.4 1 3121
1533.21 62.42 1 3122
1533.22 62.44 1 3123
1533.23 62.46 1 3124
1533.24 62.48 1 3125
1533.25 62.5 1 3126
1533.26 62.52 1 3127
1533.27 62.54 1 3128
1533.28 62.56 1 3129
1533.29 62.58 1 3130
1533.3 62.6 1 3131
1533.31 62.62 1 3132
1533.32 62.64 1 3133
1533.33 62.66 1 3134
1533.34 62.68 1 3135
1533.35 62.7 1 3136
1533.36 62.72 1 3137
1533.37 62.74 1 3138
1533.38 62.76 1 3139
1533.39 62.78 1 3140
1533.4 62.8 1 3141
1533.41 62.82 1 3142
1533.42 62.84 1 3143
1533.43 62.86 1 3144
1533.44 62.88 1 3145
1533.45 62.9 1 3146
1533.46 62.92 1 3147
1533.47 62.94 1 3148
1533.48 62.96 1 3149
1533.49 62.98 1 3150
1533.5 63 1 3151
1533.51 63.02 1 3152
1533.52 63.04 1 3153
1533.53 63.06 1 3154
1533.54 63.08 1 3155
1533.55 63.1 1 3156
1533.56 63.12 1 3157
1533.57 63.14 1 3158
1533.58 63.16 1 3159
1533.59 63.18 1 3160
1533.6 63.2 1 3161
1533.61 63.22 1 3162
1533.62 63.24 1 3163
1533.63 63.26 1 3164
1533.64 63.28 1 3165
1533.65 63.3 1 3166
1533.66 63.32 1 3167
1533.67 63.34 1 3168
1533.68 63.36 1 3169
1533.69 63.38 1 3170
1533.7 63.4 1 3171
1533.71 63.42 1 3172
1533.72 63.44 1 3173
1533.73 63.46 1 3174
1533.74 63.48 1 3175
1533.75 63.5 1 3176
1533.76 63.52 1 3177
1533.77 63.54 1 3178
1533.78 63.56 1 3179
1533.79 63.58 1 3180
1533.8 63.6 1 3181
1533.81 63.62 1 3182
1533.82 63.64 1 3183
1533.83 63.66 1 3184
1533.84 63.68 1 3185
1533.85 63.7 1 3186
1533.86 63.72 1 3187
1533.87 63.74 1 3188
1533.88 63.76 1 3189
1533.89 63.78 1 3190
1533.9 63.8 1 3191
1533.91 63.82 1 3192
1533.92 63.84 1 3193
1533.93 63.86 1 3194
1533.94 63.88 1 3195
1533.95 63.9 1 3196
1533.96 63.92 1 3197
1533.97 63.94 1 3198
1533.98 63.96 1 3199
1533.99 63.98 1 3200
1534 64 1 3201
1534.01 64.02 1 3202
1534.02 64.04 1 3203
1534.03 64.06 1 3204
1534.04 64.08 1 3205
1534.05 64.1 1 3206
1534.06 64.12 1 3207
1534.07 64.14 1 3208
1534.08 64.16 1 3209
1534.09 64.18 1 3210
1534.1 64.2 1 3211
1534.11 64.22 1 3212
1534.12 64.24 1 3213
1534.13 64.26 1 3214
1534.14 64.28 1 3215
1534.15 64.3 1 3216
1534.16 64.32 1 3217
1534.17 64.34 1 3218
1534.18 64.36 1 3219
1534.19 64.38 1 3220
1534.2 64.4 1 3221
1534.21 64.42 1 3222
1534.22 64.44 1 3223
1534.23 64.46 1 3224
1534.24 64.48 1 3225
1534.25 64.5 1 3226
1534.26 64.52 1 3227
1534.27 64.54 1 3228
1534.28 64.56 1 3229
1534.29 64.58 1 3230
1534.3 64.6 1 3231
1534.31 64.62 1 3232
1534.32 64.64 1 3233
1534.33 64.66 1 3234
1534.34 64.68 1 3235
1534.35 64.7 1 3236
1534.36 64.72 1 3237
1534.37 64.74 1 3238
1534.38 64.76 1 3239
1534.39 64.78 1 3240
1534.4 64.8 1 3241
1534.41 64.82 1 3242
1534.42 64.84 1 3243
1534.43 64.86 1 3244
1534.44 64.88 1 3245
1534.45 64.9 1 3246
1534.46 64.92 1 3247
1534.47 64.94 1 3248
1534.48 64.96 1 3249
1534.49 64.98 1 3250
1534.5 65 1 3251
1534.51 65.02 1 3252
1534.52 65.04 1 3253
1534.53 65.06 1 3254
1534.54 65.08 1 3255
1534.55 65.1 1 3256
1534.56 65.12 1 3257
1534.57 65.14 1 3258
1534.58 65.16 1 3259
1534.59 65.18 1 3260
1534.6 65.2 1 3261
1534.61 65.22 1 3262
1534.62 65.24 1 3263
1534.63 65.26 1 3264
1534.64 65.28 1 3265
1534.65 65.3 1 3266
1534.66 65.32 1 3267
1534.67 65.34 1 3268
1534.68 65.36 1 3269
1534.69 65.38 1 3270
1534.7 65.4 1 3271
1534.71 65.42 1 3272
1534.72 65.44 1 3273
1534.73 65.46 1 3274
1534.74 65.48 1 3275
1534.75 65.5 1 3276
1534.76 65.52 1 3277
1534.77 65.54 1 3278
1534.78 65.56 1 3279
1534.79 65.58 1 3280
1534.8 65.6 1 3281
1534.81 65.62 1 3282
1534.82 65.64 1 3283
1534.83 65.66 1 3284
1534.84 65.68 1 3285
1534.85 65.7 1 3286
1534.86 65.72 1 3287
1534.87 65.74 1 3288
1534.88 65.76 1 3289
1534.89 65.78 1 3290
1534.9 65.8 1 3291
1534.91 65.82 1 3292
1534.92 65.84 1 3293
1534.93 65.86 1 3294
1534.94 65.88 1 3295
1534.95 65.9 1 3296
1534.96 65.92 1 3297
1534.97 65.94 1 3298
1534.98 65.96 1 3299
1534.99 65.98 1 3300
1535 66 1 3301
1535.01 66.02 1 3302
1535.02 66.04 1 3303
1535.03 66.06 1 3304
1535.04 66.08 1 3305
1535.05 66.1 1 3306
1535.06 66.12 1 3307
1535.07 66.14 1 3308
1535.08 66.16 1 3309
1535.09 66.18 1 3310
1535.1 66.2 1 3311
1535.11 66.22 1 3312
1535.12 66.24 1 3313
1535.13 66.26 1 3314
1535.14 66.28 1 3315
1535.15 66.3 1 3316
1535.16 66.32 1 3317
1535.17 66.34 1 3318
1535.18 66.36 1 3319
1535.19 66.38 1 3320
1535.2 66.4 1 3321
1535.21 66.42 1 3322
1535.22 66.44 1 3323
1535.23 66.46 1 3324
1535.24 66.48 1 3325
1535.25 66.5 1 3326
1535.26 66.52 1 3327
1535.27 66.54 1 3328
1535.28 66.56 1 3329
1535.29 66.58 1 3330
1535.3 66.6 1 3331
1535.31 66.62 1 3332
1535.32 66.64 1 3333
1535.33 66.66 1 3334
1535.34 66.68 1 3335
1535.35 66.7 1 3336
1535.36 66.72 1 3337
1535.37 66.74 1 3338
1535.38 66.76 1 3339
1535.39 66.78 1 3340
1535.4 66.8 1 3341
1535.41 66.82 1 3342
1535.42 66.84 1 3343
1535.43 66.86 1 3344
1535.44 66.88 1 3345
1535.45 66.9 1 3346
1535.46 66.92 1 3347
1535.47 66.94 1 3348
1535.48 66.96 1 3349
1535.49 66.98 1 3350
1535.5 67 1 3351
1535.51 67.02 1 3352
1535.52 67.04 1 3353
1535.53 67.06 1 3354
1535.54 67.08 1 3355
1535.55 67.1 1 3356
1535.56 67.12 1 3357
1535.57 67.14 1 3358
1535.58 67.16 1 3359
1535.59 67.18 1 3360
1535.6 67.2 1 3361
1535.61 67.22 1 3362
1535.62 67.24 1 3363
1535.63 67.26 1 3364
1535.64 67.28 1 3365
1535.65 67.3 1 3366
1535.66 67.32 1 3367
1535.67 67.34 1 3368
1535.68 67.36 1 3369
1535.69 67.38 1 3370
1535.7 67.4 1 3371
1535.71 67.42 1 3372
1535.72 67.44 1 3373
1535.73 67.46 1 3374
1535.74 67.48 1 3375
1535.75 67.5 1 3376
1535.76 67.52 1 3377
1535.77 67.54 1 3378
1535.78 67.56 1 3379
1535.79 67.58 1 3380
1535.8 67.6 1 3381
1535.81 67.62 1 3382
1535.82 67.64 1 3383
1535.83 67.66 1 3384
1535.84 67.68 1 3385
1535.85 67.7 1 3386
1535.86 67.72 1 3387
1535.87 67.74 1 3388
1535.88 67.76 1 3389
1535.89 67.78 1 3390
1535.9 67.8 1 3391
1535.91 67.82 1 3392
1535.92 67.84 1 3393
1535.93 67.86 1 3394
1535.94 67.88 1 3395
1535.95 67.9 1 3396
1535.96 67.92 1 3397
1535.97 67.94 1 3398
1535.98 67.96 1 3399
1535.99 67.98 1 3400
1536 68 1 3401
1536.01 68.02 1 3402
1536.02 68.04 1 3403
1536.03 68.06 1 3404
1536.04 68.08 1 3405
1536.05 68.1 1 3406
1536.06 68.12 1 3407
1536.07 68.14 1 3408
1536.08 68.16 1 3409
1536.09 68.18 1 3410
1536.1 68.2 1 3411
1536.11 68.22 1 3412
1536.12 68.24 1 3413
1536.13 68.26 1 3414
1536.14 68.28 1 3415
1536.15 68.3 1 3416
1536.16 68.32 1 3417
1536.17 68.34 1 3418
1536.18 68.36 1 3419
1536.19 68.38 1 3420
1536.2 68.4 1 3421
1536.21 68.42 1 3422
1536.22 68.44 1 3423
1536.23 68.46 1 3424
1536.24 68.48 1 3425
1536.25 68.5 1 3426
1536.26 68.52 1 3427
1536.27 68.54 1 3428
1536.28 68.56 1 3429
1536.29 68.58 1 3430
1536.3 68.6 1 3431
1536.31 68.62 1 3432
1536.32 68.64 1 3433
1536.33 68.66 1 3434
1536.34 68.68 1 3435
1536.35 68.7 1 3436
1536.36 68.72 1 3437
1536.37 68.74 1 3438
1536.38 68.76 1 3439
1536.39 68.78 1 3440
1536.4 68.8 1 3441
1536.41 68.82 1 3442
1536.42 68.84 1 3443
1536.43 68.86 1 3444
1536.44 68.88 1 3445
1536.45 68.9 1 3446
1536.46 68.92 1 3447
1536.47 68.94 1 3448
1536.48 68.96 1 3449
1536.49 68.98 1 3450
1536.5 69 1 3451
1536.51 69.02 1 3452
1536.52 69.04 1 3453
1536.53 69.06 1 3454
1536.54 69.08 1 3455
1536.55 69.1 1 3456
1536.56 69.12 1 3457
1536.57 69.14 1 3458
1536.58 69.16 1 3459
1536.59 69.18 1 3460
1536.6 69.2 1 3461
1536.61 69.22 1 3462
1536.62 69.24 1 3463
1536.63 69.26 1 3464
1536.64 69.28 1 3465
1536.65 69.3 1 3466
1536.66 69.32 1 3467
1536.67 69.34 1 3468
1536.68 69.36 1 3469
1536.69 69.38 1 3470
1536.7 69.4 1 3471
1536.71 69.42 1 3472
1536.72 69.44 1 3473
1536.73 69.46 1 3474
1536.74 69.48 1 3475
1536.75 69.5 1 3476
1536.76 69.52 1 3477
1536.77 69.54 1 3478
1536.78 69.56 1 3479
1536.79 69.58 1 3480
1536.8 69.6 1 3481
1536.81 69.62 1 3482
1536.82 69.64 1 3483
1536.83 69.66 1 3484
1536.84 69.68 1 3485
1536.85 69.7 1 3486
1536.86 69.72 1 3487
1536.87 69.74 1 3488
1536.88 69.76 1 3489
1536.89 69.78 1 3490
1536.9 69.8 1 3491
1536.91 69.82 1 3492
1536.92 69.84 1 3493
1536.93 69.86 1 3494
1536.94 69.88 1 3495
1536.95 69.9 1 3496
1536.96 69.92 1 3497
1536.97 69.94 1 3498
1536.98 69.96 1 3499
1536.99 69.98 1 3500
1537 70 1 3501
1537.01 70.02 1 3502
1537.02 70.04 1 3503
1537.03 70.06 1 3504
1537.04 70.08 1 3505
1537.05 70.1 1 3506
1537.06 70.12 1 3507
1537.07 70.14 1 3508
1537.08 70.16 1 3509
1537.09 70.18 1 3510
1537.1 70.2 1 3511
1537.11 70.22 1 3512
1537.12 70.24 1 3513
1537.13 70.26 1 3514
1537.14 70.28 1 3515
1537.15 70.3 1 3516
1537.16 70.32 1 3517
1537.17 70.34 1 3518
1537.18 70.36 1 3519
1537.19 70.38 1 3520
1537.2 70.4 1 3521
1537.21 70.42 1 3522
1537.22 70.44 1 3523
1537.23 70.46 1 3524
1537.24 70.48 1 3525
1537.25 70.5 1 3526
1537.26 70.52 1 3527
1537.27 70.54 1 3528
1537.28 70.56 1 3529
1537.29 70.58 1 3530
1537.3 70.6 1 3531
1537.31 70.62 1 3532
1537.32 70.64 1 3533
1537.33 70.66 1 3534
1537.34 70.68 1 3535
1537.35 70.7 1 3536
1537.36 70.72 1 3537
1537.37 70.74 1 3538
1537.38 70.76 1 3539
1537.39 70.78 1 3540
1537.4 70.8 1 3541
1537.41 70.82 1 3542
1537.42 70.84 1 3543
1537.43 70.86 1 3544
1537.44 70.88 1 3545
1537.45 70.9 1 3546
1537.46 70.92 1 3547
1537.47 70.94 1 3548
1537.48 70.96 1 3549
1537.49 70.98 1 3550
1537.5 71 1 3551
1537.51 71.02 1 3552
1537.52 71.04 1 3553
1537.53 71.06 1 3554
1537.54 71.08 1 3555
1537.55 71.1 1 3556
1537.56 71.12 1 3557
1537.57 71.14 1 3558
1537.58 71.16 1 3559
1537.59 71.18 1 3560
1537.6 71.2 1 3561
1537.61 71.22 1 3562
1537.62 71.24 1 3563
1537.63 71.26 1 3564
1537.64 71.28 1 3565
1537.65 71.3 1 3566
1537.66 71.32 1 3567
1537.67 71.34 1 3568
1537.68 71.36 1 3569
1537.69 71.38 1 3570
1537.7 71.4 1 3571
1537.71 71.42 1 3572
1537.72 71.44 1 3573
1537.73 71.46 1 3574
1537.74 71.48 1 3575
1537.75 71.5 1 3576
1537.76 71.52 1 3577
1537.77 71.54 1 3578
1537.78 71.56 1 3579
1537.79 71.58 1 3580
1537.8 71.6 1 3581
1537.81 71.62 1 3582
1537.82 71.64 1 3583
1537.83 71.66 1 3584
1537.84 71.68 1 3585
1537.85 71.7 1 3586
1537.86 71.72 1 3587
1537.87 71.74 1 3588
1537.88 71.76 1 3589
1537.89 71.78 1 3590
1537.9 71.8 1 3591
1537.91 71.82 1 3592
1537.92 71.84 1 3593
1537.93 71.86 1 3594
1537.94 71.88 1 3595
1537.95 71.9 1 3596
1537.96 71.92 1 3597
1537.97 71.94 1 3598
1537.98 71.96 1 3599
1537.99 71.98 1 3600
1538 72 1 3601
1538.01 72.02 1 3602
1538.02 72.04 1 3603
1538.03 72.06 1 3604
1538.04 72.08 1 3605
1538.05 72.1 1 3606
1538.06 72.12 1 3607
1538.07 72.14 1 3608
1538.08 72.16 1 3609
1538.09 72.18 1 3610
1538.1 72.2 1 3611
1538.11 72.22 1 3612
1538.12 72.24 1 3613
1538.13 72.26 1 3614
1538.14 72.28 1 3615
1538.15 72.3 1 3616
1538.16 72.32 1 3617
1538.17 72.34 1 3618
1538.18 72.36 1 3619
1538.19 72.38 1 3620
1538.2 72.4 1 3621
1538.21 72.42 1 3622
1538.22 72.44 1 3623
1538.23 72.46 1 3624
1538.24 72.48 1 3625
1538.25 72.5 1 3626
1538.26 72.52 1 3627
1538.27 72.54 1 3628
1538.28 72.56 1 3629
1538.29 72.58 1 3630
1538.3 72.6 1 3631
1538.31 72.62 1 3632
1538.32 72.64 1 3633
1538.33 72.66 1 3634
1538.34 72.68 1 3635
1538.35 72.7 1 3636
1538.36 72.72 1 3637
1538.37 72.74 1 3638
1538.38 72.76 1 3639
1538.39 72.78 1 3640
1538.4 72.8 1 3641
1538.41 72.82 1 3642
1538.42 72.84 1 3643
1538.43 72.86 1 3644
1538.44 72.88 1 3645
1538.45 72.9 1 3646
1538.46 72.92 1 3647
1538.47 72.94 1 3648
1538.48 72.96 1 3649
1538.49 72.98 1 3650
1538.5 73 1 3651
1538.51 73.02 1 3652
1538.52 73.04 1 3653
1538.53 73.06 1 3654
1538.54 73.08 1 3655
1538.55 73.1 1 3656
1538.56 73.12 1 3657
1538.57 73.14 1 3658
1538.58 73.16 1 3659
1538.59 73.18 1 3660
1538.6 73.2 1 3661
1538.61 73.22 1 3662
1538.62 73.24 1 3663
1538.63 73.26 1 3664
1538.64 73.28 1 3665
1538.65 73.3 1 3666
1538.66 73.32 1 3667
1538.67 73.34 1 3668
1538.68 73.36 1 3669
1538.69 73.38 1 3670
1538.7 73.4 1 3671
1538.71 73.42 1 3672
1538.72 73.44 1 3673
1538.73 73.46 1 3674
1538.74 73.48 1 3675
1538.75 73.5 1 3676
1538.76 73.52 1 3677
1538.77 73.54 1 3678
1538.78 73.56 1 3679
1538.79 73.58 1 3680
1538.8 73.6 1 3681
1538.81 73.62 1 3682
1538.82 73.64 1 3683
1538.83 73.66 1 3684
1538.84 73.68 1 3685
1538.85 73.7 1 3686
1538.86 73.72 1 3687
1538.87 73.74 1 3688
1538.88 73.76 1 3689
1538.89 73.78 1 3690
1538.9 73.8 1 3691
1538.91 73.82 1 3692
1538.92 73.84 1 3693
1538.93 73.86 1 3694
1538.94 73.88 1 3695
1538.95 73.9 1 3696
1538.96 73.92 1 3697
1538.97 73.94 1 3698
1538.98 73.96 1 3699
1538.99 73.98 1 3700
1539 74 1 3701
1539.01 74.02 1 3702
1539.02 74.04 1 3703
1539.03 74.06 1 3704
1539.04 74.08 1 3705
1539.05 74.1 1 3706
1539.06 74.12 1 3707
1539.07 74.14 1 3708
1539.08 74.16 1 3709
1539.09 74.18 1 3710
1539.1 74.2 1 3711
1539.11 74.22 1 3712
1539.12 74.24 1 3713
1539.13 74.26 1 3714
1539.14 74.28 1 3715
1539.15 74.3 1 3716
1539.16 74.32 1 3717
1539.17 74.34 1 3718
1539.18 74.36 1 3719
1539.19 74.38 1 3720
1539.2 74.4 1 3721
1539.21 74.42 1 3722
1539.22 74.44 1 3723
1539.23 74.46 1 3724
1539.24 74.48 1 3725
1539.25 74.5 1 3726
1539.26 74.52 1 3727
1539.27 74.54 1 3728
1539.28 74.56 1 3729
1539.29 74.58 1 3730
1539.3 74.6 1 3731
1539.31 74.62 1 3732
1539.32 74.64 1 3733
1539.33 74.66 1 3734
1539.34 74.68 1 3735
1539.35 74.7 1 3736
1539.36 74.72 1 3737
1539.37 74.74 1 3738
1539.38 74.76 1 3739
1539.39 74.78 1 3740
1539.4 74.8 1 3741
1539.41 74.82 1 3742
1539.42 74.84 1 3743
1539.43 74.86 1 3744
1539.44 74.88 1 3745
1539.45 74.9 1 3746
1539.46 74.92 1 3747
1539.47 74.94 1 3748
1539.48 74.96 1 3749
1539.49 74.98 1 3750
1539.5 75 1 3751
1539.51 75.02 1 3752
1539.52 75.04 1 3753
1539.53 75.06 1 3754
1539.54 75.08 1 3755
1539.55 75.1 1 3756
1539.56 75.12 1 3757
1539.57 75.14 1 3758
1539.58 75.16 1 3759
1539.59 75.18 1 3760
1539.6 75.2 1 3761
1539.61 75.22 1 3762
1539.62 75.24 1 3763
1539.63 75.26 1 3764
1539.64 75.28 1 3765
1539.65 75.3 1 3766
1539.66 75.32 1 3767
1539.67 75.34 1 3768
1539.68 75.36 1 3769
1539.69 75.38 1 3770
1539.7 75.4 1 3771
1539.71 75.42 1 3772
1539.72 75.44 1 3773
1539.73 75.46 1 3774
1539.74 75.48 1 3775
1539.75 75.5 1 3776
1539.76 75.52 1 3777
1539.77 75.54 1 3778
1539.78 75.56 1 3779
1539.79 75.58 1 3780
1539.8 75.6 1 3781
1539.81 75.62 1 3782
1539.82 75.64 1 3783
1539.83 75.66 1 3784
1539.84 75.68 1 3785
1539.85 75.7 1 3786
1539.86 75.72 1 3787
1539.87 75.74 1 3788
1539.88 75.76 1 3789
1539.89 75.78 1 3790
1539.9 75.8 1 3791
1539.91 75.82 1 3792
1539.92 75.84 1 3793
1539.93 75.86 1 3794
1539.94 75.88 1 3795
1539.95 75.9 1 3796
1539.96 75.92 1 3797
1539.97 75.94 1 3798
1539.98 75.96 1 3799
1539.99 75.98 1 3800
1540 76 1 3801
1540.01 76.02 1 3802
1540.02 76.04 1 3803
1540.03 76.06 1 3804
1540.04 76.08 1 3805
1540.05 76.1 1 3806
1540.06 76.12 1 3807
1540.07 76.14 1 3808
1540.08 76.16 1 3809
1540.09 76.18 1 3810
1540.1 76.2 1 3811
1540.11 76.22 1 3812
1540.12 76.24 1 3813
1540.13 76.26 1 3814
1540.14 76.28 1 3815
1540.15 76.3 1 3816
1540.16 76.32 1 3817
1540.17 76.34 1 3818
1540.18 76.36 1 3819
1540.19 76.38 1 3820
1540.2 76.4 1 3821
1540.21 76.42 1 3822
1540.22 76.44 1 3823
1540.23 76.46 1 3824
1540.24 76.48 1 3825
1540.25 76.5 1 3826
1540.26 76.52 1 3827
1540.27 76.54 1 3828
1540.28 76.56 1 3829
1540.29 76.58 1 3830
1540.3 76.6 1 3831
1540.31 76.62 1 3832
1540.32 76.64 1 3833
1540.33 76.66 1 3834
1540.34 76.68 1 3835
1540.35 76.7 1 3836
1540.36 76.72 1 3837
1540.37 76.74 1 3838
1540.38 76.76 1 3839
1540.39 76.78 1 3840
1540.4 76.8 1 3841
1540.41 76.82 1 3842
1540.42 76.84 1 3843
1540.43 76.86 1 3844
1540.44 76.88 1 3845
1540.45 76.9 1 3846
1540.46 76.92 1 3847
1540.47 76.94 1 3848
1540.48 76.96 1 3849
1540.49 76.98 1 3850
1540.5 77 1 3851
1540.51 77.02 1 3852
1540.52 77.04 1 3853
1540.53 77.06 1 3854
1540.54 77.08 1 3855
1540.55 77.1 1 3856
1540.56 77.12 1 3857
1540.57 77.14 1 3858
1540.58 77.16 1 3859
1540.59 77.18 1 3860
1540.6 77.2 1 3861
1540.61 77.22 1 3862
1540.62 77.24 1 3863
1540.63 77.26 1 3864
1540.64 77.28 1 3865
1540.65 77.3 1 3866
1540.66 77.32 1 3867
1540.67 77.34 1 3868
1540.68 77.36 1 3869
1540.69 77.38 1 3870
1540.7 77.4 1 3871
1540.71 77.42 1 3872
1540.72 77.44 1 3873
1540.73 77.46 1 3874
1540.74 77.48 1 3875
1540.75 77.5 1 3876
1540.76 77.52 1 3877
1540.77 77.54 1 3878
1540.78 77.56 1 3879
1540.79 77.58 1 3880
1540.8 77.6 1 3881
1540.81 77.62 1 3882
1540.82 77.64 1 3883
1540.83 77.66 1 3884
1540.84 77.68 1 3885
1540.85 77.7 1 3886
1540.86 77.72 1 3887
1540.87 77.74 1 3888
1540.88 77.76 1 3889
1540.89 77.78 1 3890
1540.9 77.8 1 3891
1540.91 77.82 1 3892
1540.92 77.84 1 3893
1540.93 77.86 1 3894
1540.94 77.88 1 3895
1540.95 77.9 1 3896
1540.96 77.92 1 3897
1540.97 77.94 1 3898
1540.98 77.96 1 3899
1540.99 77.98 1 3900
1541 78 1 3901
1541.01 78.02 1 3902
1541.02 78.04 1 3903
1541.03 78.06 1 3904
1541.04 78.08 1 3905
1541.05 78.1 1 3906
1541.06 78.12 1 3907
1541.07 78.14 1 3908
1541.08 78.16 1 3909
1541.09 78.18 1 3910
1541.1 78.2 1 3911
1541.11 78.22 1 3912
1541.12 78.24 1 3913
1541.13 78.26 1 3914
1541.14 78.28 1 3915
1541.15 78.3 1 3916
1541.16 78.32 1 3917
1541.17 78.34 1 3918
1541.18 78.36 1 3919
1541.19 78.38 1 3920
1541.2 78.4 1 3921
1541.21 78.42 1 3922
1541.22 78.44 1 3923
1541.23 78.46 1 3924
1541.24 78.48 1 3925
1541.25 78.5 1 3926
1541.26 78.52 1 3927
1541.27 78.54 1 3928
1541.28 78.56 1 3929
1541.29 78.58 1 3930
1541.3 78.6 1 3931
1541.31 78.62 1 3932
1541.32 78.64 1 3933
1541.33 78.66 1 3934
1541.34 78.68 1 3935
1541.35 78.7 1 3936
1541.36 78.72 1 3937
1541.37 78.74 1 3938
1541.38 78.76 1 3939
1541.39 78.78 1 3940
1541.4 78.8 1 3941
1541.41 78.82 1 3942
1541.42 78.84 1 3943
1541.43 78.86 1 3944
1541.44 78.88 1 3945
1541.45 78.9 1 3946
1541.46 78.92 1 3947
1541.47 78.94 1 3948
1541.48 78.96 1 3949
1541.49 78.98 1 3950
1541.5 79 1 3951
1541.51 79.02 1 3952
1541.52 79.04 1 3953
1541.53 79.06 1 3954
1541.54 79.08 1 3955
1541.55 79.1 1 3956
1541.56 79.12 1 3957
1541.57 79.14 1 3958
1541.58 79.16 1 3959
1541.59 79.18 1 3960
1541.6 79.2 1 3961
1541.61 79.22 1 3962
1541.62 79.24 1 3963
1541.63 79.26 1 3964
1541.64 79.28 1 3965
1541.65 79.3 1 3966
1541.66 79.32 1 3967
1541.67 79.34 1 3968
1541.68 79.36 1 3969
1541.69 79.38 1 3970
1541.7 79.4 1 3971
1541.71 79.42 1 3972
1541.72 79.44 1 3973
1541.73 79.46 1 3974
1541.74 79.48 1 3975
1541.75 79.5 1 3976
1541.76 79.52 1 3977
1541.77 79.54 1 3978
1541.78 79.56 1 3979
1541.79 79.58 1 3980
1541.8 79.6 1 3981
1541.81 79.62 1 3982
1541.82 79.64 1 3983
1541.83 79.66 1 3984
1541.84 79.68 1 3985
1541.85 79.7 1 3986
1541.86 79.72 1 3987
1541.87 79.74 1 3988
1541.88 79.76 1 3989
1541.89 79.78 1 3990
1541.9 79.8 1 3991
1541.91 79.82 1 3992
1541.92 79.84 1 3993
1541.93 79.86 1 3994
1541.94 79.88 1 3995
1541.95 79.9 1 3996
1541.96 79.92 1 3997
1541.97 79.94 1 3998
1541.98 79.96 1 3999
1541.99 79.98 1 4000
1542 80 1 4001
1542.01 80.02 1 4002
1542.02 80.04 1 4003
1542.03 80.06 1 4004
1542.04 80.08 1 4005
1542.05 80.1 1 4006
1542.06 80.12 1 4007
1542.07 80.14 1 4008
1542.08 80.16 1 4009
1542.09 80.18 1 4010
1542.1 80.2 1 4011
1542.11 80.22 1 4012
1542.12 80.24 1 4013
1542.13 80.26 1 4014
1542.14 80.28 1 4015
1542.15 80.3 1 4016
1542.16 80.32 1 4017
1542.17 80.34 1 4018
1542.18 80.36 1 4019
1542.19 80.38 1 4020
1542.2 80.4 1 4021
1542.21 80.42 1 4022
1542.22 80.44 1 4023
1542.23 80.46 1 4024
1542.24 80.48 1 4025
1542.25 80.5 1 4026
1542.26 80.52 1 4027
1542.27 80.54 1 4028
1542.28 80.56 1 4029
1542.29 80.58 1 4030
1542.3 80.6 1 4031
1542.31 80.62 1 4032
1542.32 80.64 1 4033
1542.33 80.66 1 4034
1542.34 80.68 1 4035
1542.35 80.7 1 4036
1542.36 80.72 1 4037
1542.37 80.74 1 4038
1542.38 80.76 1 4039
1542.39 80.78 1 4040
1542.4 80.8 1 4041
1542.41 80.82 1 4042
1542.42 80.84 1 4043
1542.43 80.86 1 4044
1542.44 80.88 1 4045
1542.45 80.9 1 4046
1542.46 80.92 1 4047
1542.47 80.94 1 4048
1542.48 80.96 1 4049
1542.49 80.98 1 4050
1542.5 81 1 4051
1542.51 81.02 1 4052
1542.52 81.04 1 4053
1542.53 81.06 1 4054
1542.54 81.08 1 4055
1542.55 81.1 1 4056
1542.56 81.12 1 4057
1542.57 81.14 1 4058
1542.58 81.16 1 4059
1542.59 81.18 1 4060
1542.6 81.2 1 4061
1542.61 81.22 1 4062
1542.62 81.24 1 4063
1542.63 81.26 1 4064
1542.64 81.28 1 4065
1542.65 81.3 1 4066
1542.66 81.32 1 4067
1542.67 81.34 1 4068
1542.68 81.36 1 4069
1542.69 81.38 1 4070
1542.7 81.4 1 4071
1542.71 81.42 1 4072
1542.72 81.44 1 4073
1542.73 81.46 1 4074
1542.74 81.48 1 4075
1542.75 81.5 1 4076
1542.76 81.52 1 4077
1542.77 81.54 1 4078
1542.78 81.56 1 4079
1542.79 81.58 1 4080
1542.8 81.6 1 4081
1542.81 81.62 1 4082
1542.82 81.64 1 4083
1542.83 81.66 1 4084
1542.84 81.68 1 4085
1542.85 81.7 1 4086
1542.86 81.72 1 4087
1542.87 81.74 1 4088
1542.88 81.76 1 4089
1542.89 81.78 1 4090
1542.9 81.8 1 4091
1542.91 81.82 1 4092
1542.92 81.84 1 4093
1542.93 81.86 1 4094
1542.94 81.88 1 4095
1542.95 81.9 1 4096
1542.96 81.92 1 4097
1542.97 81.94 1 4098
1542.98 81.96 1 4099
1542.99 81.98 1 4100
1543 82 1 4101
1543.01 82.02 1 4102
1543.02 82.04 1 4103
1543.03 82.06 1 4104
1543.04 82.08 1 4105
1543.05 82.1 1 4106
1543.06 82.12 1 4107
1543.07 82.14 1 4108
1543.08 82.16 1 4109
1543.09 82.18 1 4110
1543.1 82.2 1 4111
1543.11 82.22 1 4112
1543.12 82.24 1 4113
1543.13 82.26 1 4114
1543.14 82.28 1 4115
1543.15 82.3 1 4116
1543.16 82.32 1 4117
1543.17 82.34 1 4118
1543.18 82.36 1 4119
1543.19 82.38 1 4120
1543.2 82.4 1 4121
1543.21 82.42 1 4122
1543.22 82.44 1 4123
1543.23 82.46 1 4124
1543.24 82.48 1 4125
1543.25 82.5 1 4126
1543.26 82.52 1 4127
1543.27 82.54 1 4128
1543.28 82.56 1 4129
1543.29 82.58 1 4130
1543.3 82.6 1 4131
1543.31 82.62 1 4132
1543.32 82.64 1 4133
1543.33 82.66 1 4134
1543.34 82.68 1 4135
1543.35 82.7 1 4136
1543.36 82.72 1 4137
1543.37 82.74 1 4138
1543.38 82.76 1 4139
1543.39 82.78 1 4140
1543.4 82.8 1 4141
1543.41 82.82 1 4142
1543.42 82.84 1 4143
1543.43 82.86 1 4144
1543.44 82.88 1 4145
1543.45 82.9 1 4146
1543.46 82.92 1 4147
1543.47 82.94 1 4148
1543.48 82.96 1 4149
1543.49 82.98 1 4150
1543.5 83 1 4151
1543.51 83.02 1 4152
1543.52 83.04 1 4153
1543.53 83.06 1 4154
1543.54 83.08 1 4155
1543.55 83.1 1 4156
1543.56 83.12 1 4157
1543.57 83.14 1 4158
1543.58 83.16 1 4159
1543.59 83.18 1 4160
1543.6 83.2 1 4161
1543.61 83.22 1 4162
1543.62 83.24 1 4163
1543.63 83.26 1 4164
1543.64 83.28 1 4165
1543.65 83.3 1 4166
1543.66 83.32 1 4167
1543.67 83.34 1 4168
1543.68 83.36 1 4169
1543.69 83.38 1 4170
1543.7 83.4 1 4171
1543.71 83.42 1 4172
1543.72 83.44 1 4173
1543.73 83.46 1 4174
1543.74 83.48 1 4175
1543.75 83.5 1 4176
1543.76 83.52 1 4177
1543.77 83.54 1 4178
1543.78 83.56 1 4179
1543.79 83.58 1 4180
1543.8 83.6 1 4181
1543.81 83.62 1 4182
1543.82 83.64 1 4183
1543.83 83.66 1 4184
1543.84 83.68 1 4185
1543.85 83.7 1 4186
1543.86 83.72 1 4187
1543.87 83.74 1 4188
1543.88 83.76 1 4189
1543.89 83.78 1 4190
1543.9 83.8 1 4191
1543.91 83.82 1 4192
1543.92 83.84 1 4193
1543.93 83.86 1 4194
1543.94 83.88 1 4195
1543.95 83.9 1 4196
1543.96 83.92 1 4197
1543.97 83.94 1 4198
1543.98 83.96 1 4199
1543.99 83.98 1 4200
1544 84 1 4201
1544.01 84.02 1 4202
1544.02 84.04 1 4203
1544.03 84.06 1 4204
1544.04 84.08 1 4205
1544.05 84.1 1 4206
1544.06 84.12 1 4207
1544.07 84.14 1 4208
1544.08 84.16 1 4209
1544.09 84.18 1 4210
1544.1 84.2 1 4211
1544.11 84.22 1 4212
1544.12 84.24 1 4213
1544.13 84.26 1 4214
1544.14 84.28 1 4215
1544.15 84.3 1 4216
1544.16 84.32 1 4217
1544.17 84.34 1 4218
1544.18 84.36 1 4219
1544.19 84.38 1 4220
1544.2 84.4 1 4221
1544.21 84.42 1 4222
1544.22 84.44 1 4223
1544.23 84.46 1 4224
1544.24 84.48 1 4225
1544.25 84.5 1 4226
1544.26 84.52 1 4227
1544.27 84.54 1 4228
1544.28 84.56 1 4229
1544.29 84.58 1 4230
1544.3 84.6 1 4231
1544.31 84.62 1 4232
1544.32 84.64 1 4233
1544.33 84.66 1 4234
1544.34 84.68 1 4235
1544.35 84.7 1 4236
1544.36 84.72 1 4237
1544.37 84.74 1 4238
1544.38 84.76 1 4239
1544.39 84.78 1 4240
1544.4 84.8 1 4241
1544.41 84.82 1 4242
1544.42 84.84 1 4243
1544.43 84.86 1 4244
1544.44 84.88 1 4245
1544.45 84.9 1 4246
1544.46 84.92 1 4247
1544.47 84.94 1 4248
1544.48 84.96 1 4249
1544.49 84.98 1 4250
1544.5 85 1 4251
1544.51 85.02 1 4252
1544.52 85.04 1 4253
1544.53 85.06 1 4254
1544.54 85.08 1 4255
1544.55 85.1 1 4256
1544.56 85.12 1 4257
1544.57 85.14 1 4258
1544.58 85.16 1 4259
1544.59 85.18 1 4260
1544.6 85.2 1 4261
1544.61 85.22 1 4262
1544.62 85.24 1 4263
1544.63 85.26 1 4264
1544.64 85.28 1 4265
1544.65 85.3 1 4266
1544.66 85.32 1 4267
1544.67 85.34 1 4268
1544.68 85.36 1 4269
1544.69 85.38 1 4270
1544.7 85.4 1 4271
1544.71 85.42 1 4272
1544.72 85.44 1 4273
1544.73 85.46 1 4274
1544.74 85.48 1 4275
1544.75 85.5 1 4276
1544.76 85.52 1 4277
1544.77 85.54 1 4278
1544.78 85.56 1 4279
1544.79 85.58 1 4280
1544.8 85.6 1 4281
1544.81 85.62 1 4282
1544.82 85.64 1 4283
1544.83 85.66 1 4284
1544.84 85.68 1 4285
1544.85 85.7 1 4286
1544.86 85.72 1 4287
1544.87 85.74 1 4288
1544.88 85.76 1 4289
1544.89 85.78 1 4290
1544.9 85.8 1 4291
1544.91 85.82 1 4292
1544.92 85.84 1 4293
1544.93 85.86 1 4294
1544.94 85.88 1 4295
1544.95 85.9 1 4296
1544.96 85.92 1 4297
1544.97 85.94 1 4298
1544.98 85.96 1 4299
1544.99 85.98 1 4300
1545 86 1 4301
1545.01 86.02 1 4302
1545.02 86.04 1 4303
1545.03 86.06 1 4304
1545.04 86.08 1 4305
1545.05 86.1 1 4306
1545.06 86.12 1 4307
1545.07 86.14 1 4308
1545.08 86.16 1 4309
1545.09 86.18 1 4310
1545.1 86.2 1 4311
1545.11 86.22 1 4312
1545.12 86.24 1 4313
1545.13 86.26 1 4314
1545.14 86.28 1 4315
1545.15 86.3 1 4316
1545.16 86.32 1 4317
1545.17 86.34 1 4318
1545.18 86.36 1 4319
1545.19 86.38 1 4320
1545.2 86.4 1 4321
1545.21 86.42 1 4322
1545.22 86.44 1 4323
1545.23 86.46 1 4324
1545.24 86.48 1 4325
1545.25 86.5 1 4326
1545.26 86.52 1 4327
1545.27 86.54 1 4328
1545.28 86.56 1 4329
1545.29 86.58 1 4330
1545.3 86.6 1 4331
1545.31 86.62 1 4332
1545.32 86.64 1 4333
1545.33 86.66 1 4334
1545.34 86.68 1 4335
1545.35 86.7 1 4336
1545.36 86.72 1 4337
1545.37 86.74 1 4338
1545.38 86.76 1 4339
1545.39 86.78 1 4340
1545.4 86.8 1 4341
1545.41 86.82 1 4342
1545.42 86.84 1 4343
1545.43 86.86 1 4344
1545.44 86.88 1 4345
1545.45 86.9 1 4346
1545.46 86.92 1 4347
1545.47 86.94 1 4348
1545.48 86.96 1 4349
1545.49 86.98 1 4350
1545.5 87 1 4351
1545.51 87.02 1 4352
1545.52 87.04 1 4353
1545.53 87.06 1 4354
1545.54 87.08 1 4355
1545.55 87.1 1 4356
1545.56 87.12 1 4357
1545.57 87.14 1 4358
1545.58 87.16 1 4359
1545.59 87.18 1 4360
1545.6 87.2 1 4361
1545.61 87.22 1 4362
1545.62 87.24 1 4363
1545.63 87.26 1 4364
1545.64 87.28 1 4365
1545.65 87.3 1 4366
1545.66 87.32 1 4367
1545.67 87.34 1 4368
1545.68 87.36 1 4369
1545.69 87.38 1 4370
1545.7 87.4 1 4371
1545.71 87.42 1 4372
1545.72 87.44 1 4373
1545.73 87.46 1 4374
1545.74 87.48 1 4375
1545.75 87.5 1 4376
1545.76 87.52 1 4377
1545.77 87.54 1 4378
1545.78 87.56 1 4379
1545.79 87.58 1 4380
1545.8 87.6 1 4381
1545.81 87.62 1 4382
1545.82 87.64 1 4383
1545.83 87.66 1 4384
1545.84 87.68 1 4385
1545.85 87.7 1 4386
1545.86 87.72 1 4387
1545.87 87.74 1 4388
1545.88 87.76 1 4389
1545.89 87.78 1 4390
1545.9 87.8 1 4391
1545.91 87.82 1 4392
1545.92 87.84 1 4393
1545.93 87.86 1 4394
1545.94 87.88 1 4395
1545.95 87.9 1 4396
1545.96 87.92 1 4397
1545.97 87.94 1 4398
1545.98 87.96 1 4399
1545.99 87.98 1 4400
1546 88 1 4401
1546.01 88.02 1 4402
1546.02 88.04 1 4403
1546.03 88.06 1 4404
1546.04 88.08 1 4405
1546.05 88.1 1 4406
1546.06 88.12 1 4407
1546.07 88.14 1 4408
1546.08 88.16 1 4409
1546.09 88.18 1 4410
1546.1 88.2 1 4411
1546.11 88.22 1 4412
1546.12 88.24 1 4413
1546.13 88.26 1 4414
1546.14 88.28 1 4415
1546.15 88.3 1 4416
1546.16 88.32 1 4417
1546.17 88.34 1 4418
1546.18 88.36 1 4419
1546.19 88.38 1 4420
1546.2 88.4 1 4421
1546.21 88.42 1 4422
1546.22 88.44 1 4423
1546.23 88.46 1 4424
1546.24 88.48 1 4425
1546.25 88.5 1 4426
1546.26 88.52 1 4427
1546.27 88.54 1 4428
1546.28 88.56 1 4429
1546.29 88.58 1 4430
1546.3 88.6 1 4431
1546.31 88.62 1 4432
1546.32 88.64 1 4433
1546.33 88.66 1 4434
1546.34 88.68 1 4435
1546.35 88.7 1 4436
1546.36 88.72 1 4437
1546.37 88.74 1 4438
1546.38 88.76 1 4439
1546.39 88.78 1 4440
1546.4 88.8 1 4441
1546.41 88.82 1 4442
1546.42 88.84 1 4443
1546.43 88.86 1 4444
1546.44 88.88 1 4445
1546.45 88.9 1 4446
1546.46 88.92 1 4447
1546.47 88.94 1 4448
1546.48 88.96 1 4449
1546.49 88.98 1 4450
1546.5 89 1 4451
1546.51 89.02 1 4452
1546.52 89.04 1 4453
1546.53 89.06 1 4454
1546.54 89.08 1 4455
1546.55 89.1 1 4456
1546.56 89.12 1 4457
1546.57 89.14 1 4458
1546.58 89.16 1 4459
1546.59 89.18 1 4460
1546.6 89.2 1 4461
1546.61 89.22 1 4462
1546.62 89.24 1 4463
1546.63 89.26 1 4464
1546.64 89.28 1 4465
1546.65 89.3 1 4466
1546.66 89.32 1 4467
1546.67 89.34 1 4468
1546.68 89.36 1 4469
1546.69 89.38 1 4470
1546.7 89.4 1 4471
1546.71 89.42 1 4472
1546.72 89.44 1 4473
1546.73 89.46 1 4474
1546.74 89.48 1 4475
1546.75 89.5 1 4476
1546.76 89.52 1 4477
1546.77 89.54 1 4478
1546.78 89.56 1 4479
1546.79 89.58 1 4480
1546.8 89.6 1 4481
1546.81 89.62 1 4482
1546.82 89.64 1 4483
1546.83 89.66 1 4484
1546.84 89.68 1 4485
1546.85 89.7 1 4486
1546.86 89.72 1 4487
1546.87 89.74 1 4488
1546.88 89.76 1 4489
1546.89 89.78 1 4490
1546.9 89.8 1 4491
1546.91 89.82 1 4492
1546.92 89.84 1 4493
1546.93 89.86 1 4494
1546.94 89.88 1 4495
1546.95 89.9 1 4496
1546.96 89.92 1 4497
1546.97 89.94 1 4498
1546.98 89.96 1 4499
1546.99 89.98 1 4500
1547 90 1 4501
1547.01 90.02 1 4502
1547.02 90.04 1 4503
1547.03 90.06 1 4504
1547.04 90.08 1 4505
1547.05 90.1 1 4506
1547.06 90.12 1 4507
1547.07 90.14 1 4508
1547.08 90.16 1 4509
1547.09 90.18 1 4510
1547.1 90.2 1 4511
1547.11 90.22 1 4512
1547.12 90.24 1 4513
1547.13 90.26 1 4514
1547.14 90.28 1 4515
1547.15 90.3 1 4516
1547.16 90.32 1 4517
1547.17 90.34 1 4518
1547.18 90.36 1 4519
1547.19 90.38 1 4520
1547.2 90.4 1 4521
1547.21 90.42 1 4522
1547.22 90.44 1 4523
1547.23 90.46 1 4524
1547.24 90.48 1 4525
1547.25 90.5 1 4526
1547.26 90.52 1 4527
1547.27 90.54 1 4528
1547.28 90.56 1 4529
1547.29 90.58 1 4530
1547.3 90.6 1 4531
1547.31 90.62 1 4532
1547.32 90.64 1 4533
1547.33 90.66 1 4534
1547.34 90.68 1 4535
1547.35 90.7 1 4536
1547.36 90.72 1 4537
1547.37 90.74 1 4538
1547.38 90.76 1 4539
1547.39 90.78 1 4540
1547.4 90.8 1 4541
1547.41 90.82 1 4542
1547.42 90.84 1 4543
1547.43 90.86 1 4544
1547.44 90.88 1 4545
1547.45 90.9 1 4546
1547.46 90.92 1 4547
1547.47 90.94 1 4548
1547.48 90.96 1 4549
1547.49 90.98 1 4550
1547.5 91 1 4551
1547.51 91.02 1 4552
1547.52 91.04 1 4553
1547.53 91.06 1 4554
1547.54 91.08 1 4555
1547.55 91.1 1 4556
1547.56 91.12 1 4557
1547.57 91.14 1 4558
1547.58 91.16 1 4559
1547.59 91.18 1 4560
1547.6 91.2 1 4561
1547.61 91.22 1 4562
1547.62 91.24 1 4563
1547.63 91.26 1 4564
1547.64 91.28 1 4565
1547.65 91.3 1 4566
1547.66 91.32 1 4567
1547.67 91.34 1 4568
1547.68 91.36 1 4569
1547.69 91.38 1 4570
1547.7 91.4 1 4571
1547.71 91.42 1 4572
1547.72 91.44 1 4573
1547.73 91.46 1 4574
1547.74 91.48 1 4575
1547.75 91.5 1 4576
1547.76 91.52 1 4577
1547.77 91.54 1 4578
1547.78 91.56 1 4579
1547.79 91.58 1 4580
1547.8 91.6 1 4581
1547.81 91.62 1 4582
1547.82 91.64 1 4583
1547.83 91.66 1 4584
1547.84 91.68 1 4585
1547.85 91.7 1 4586
1547.86 91.72 1 4587
1547.87 91.74 1 4588
1547.88 91.76 1 4589
1547.89 91.78 1 4590
1547.9 91.8 1 4591
1547.91 91.82 1 4592
1547.92 91.84 1 4593
1547.93 91.86 1 4594
1547.94 91.88 1 4595
1547.95 91.9 1 4596
1547.96 91.92 1 4597
1547.97 91.94 1 4598
1547.98 91.96 1 4599
1547.99 91.98 1 4600
1548 92 1 4601
1548.01 92.02 1 4602
1548.02 92.04 1 4603
1548.03 92.06 1 4604
1548.04 92.08 1 4605
1548.05 92.1 1 4606
1548.06 92.12 1 4607
1548.07 92.14 1 4608
1548.08 92.16 1 4609
1548.09 92.18 1 4610
1548.1 92.2 1 4611
1548.11 92.22 1 4612
1548.12 92.24 1 4613
1548.13 92.26 1 4614
1548.14 92.28 1 4615
1548.15 92.3 1 4616
1548.16 92.32 1 4617
1548.17 92.34 1 4618
1548.18 92.36 1 4619
1548.19 92.38 1 4620
1548.2 92.4 1 4621
1548.21 92.42 1 4622
1548.22 92.44 1 4623
1548.23 92.46 1 4624
1548.24 92.48 1 4625
1548.25 92.5 1 4626
1548.26 92.52 1 4627
1548.27 92.54 1 4628
1548.28 92.56 1 4629
1548.29 92.58 1 4630
1548.3 92.6 1 4631
1548.31 92.62 1 4632
1548.32 92.64 1 4633
1548.33 92.66 1 4634
1548.34 92.68 1 4635
1548.35 92.7 1 4636
1548.36 92.72 1 4637
1548.37 92.74 1 4638
1548.38 92.76 1 4639
1548.39 92.78 1 4640
1548.4 92.8 1 4641
1548.41 92.82 1 4642
1548.42 92.84 1 4643
1548.43 92.86 1 4644
1548.44 92.88 1 4645
1548.45 92.9 1 4646
1548.46 92.92 1 4647
1548.47 92.94 1 4648
1548.48 92.96 1 4649
1548.49 92.98 1 4650
1548.5 93 1 4651
1548.51 93.02 1 4652
1548.52 93.04 1 4653
1548.53 93.06 1 4654
1548.54 93.08 1 4655
1548.55 93.1 1 4656
1548.56 93.12 1 4657
1548.57 93.14 1 4658
1548.58 93.16 1 4659
1548.59 93.18 1 4660
1548.6 93.2 1 4661
1548.61 93.22 1 4662
1548.62 93.24 1 4663
1548.63 93.26 1 4664
1548.64 93.28 1 4665
1548.65 93.3 1 4666
1548.66 93.32 1 4667
1548.67 93.34 1 4668
1548.68 93.36 1 4669
1548.69 93.38 1 4670
1548.7 93.4 1 4671
1548.71 93.42 1 4672
1548.72 93.44 1 4673
1548.73 93.46 1 4674
1548.74 93.48 1 4675
1548.75 93.5 1 4676
1548.76 93.52 1 4677
1548.77 93.54 1 4678
1548.78 93.56 1 4679
1548.79 93.58 1 4680
1548.8 93.6 1 4681
1548.81 93.62 1 4682
1548.82 93.64 1 4683
1548.83 93.66 1 4684
1548.84 93.68 1 4685
1548.85 93.7 1 4686
1548.86 93.72 1 4687
1548.87 93.74 1 4688
1548.88 93.76 1 4689
1548.89 93.78 1 4690
1548.9 93.8 1 4691
1548.91 93.82 1 4692
1548.92 93.84 1 4693
1548.93 93.86 1 4694
1548.94 93.88 1 4695
1548.95 93.9 1 4696
1548.96 93.92 1 4697
1548.97 93.94 1 4698
1548.98 93.96 1 4699
1548.99 93.98 1 4700
1549 94 1 4701
1549.01 94.02 1 4702
1549.02 94.04 1 4703
1549.03 94.06 1 4704
1549.04 94.08 1 4705
1549.05 94.1 1 4706
1549.06 94.12 1 4707
1549.07 94.14 1 4708
1549.08 94.16 1 4709
1549.09 94.18 1 4710
1549.1 94.2 1 4711
1549.11 94.22 1 4712
1549.12 94.24 1 4713
1549.13 94.26 1 4714
1549.14 94.28 1 4715
1549.15 94.3 1 4716
1549.16 94.32 1 4717
1549.17 94.34 1 4718
1549.18 94.36 1 4719
1549.19 94.38 1 4720
1549.2 94.4 1 4721
1549.21 94.42 1 4722
1549.22 94.44 1 4723
1549.23 94.46 1 4724
1549.24 94.48 1 4725
1549.25 94.5 1 4726
1549.26 94.52 1 4727
1549.27 94.54 1 4728
1549.28 94.56 1 4729
1549.29 94.58 1 4730
1549.3 94.6 1 4731
1549.31 94.62 1 4732
1549.32 94.64 1 4733
1549.33 94.66 1 4734
1549.34 94.68 1 4735
1549.35 94.7 1 4736
1549.36 94.72 1 4737
1549.37 94.74 1 4738
1549.38 94.76 1 4739
1549.39 94.78 1 4740
1549.4 94.8 1 4741
1549.41 94.82 1 4742
1549.42 94.84 1 4743
1549.43 94.86 1 4744
1549.44 94.88 1 4745
1549.45 94.9 1 4746
1549.46 94.92 1 4747
1549.47 94.94 1 4748
1549.48 94.96 1 4749
1549.49 94.98 1 4750
1549.5 95 1 4751
1549.51 95.02 1 4752
