1697.81 95 5 43515
1697.81 95.005 6 43516
1697.81 95.005 6 43517
1697.82 95.01 7 43518
1697.82 95.01 7 43519
1697.82 95.015 8 43520
1697.82 95.015 8 43521
1697.82 95.02 9 43522
1697.82 95.02 9 43523
1697.83 95.025 10 43524
1697.83 95.025 10 43525
1697.83 95.03 11 43526
1697.83 95.03 11 43527
1697.83 95.035 12 43528
1697.83 95.04 13 43529
1697.84 95.045 14 43530
1697.84 95.045 14 43531
1697.84 95.045 14 43532
1697.84 95.05 15 43533
1697.84 95.055 16 43534
1697.85 95.055 16 43535
1697.85 95.06 17 43536
1697.85 95.06 17 43537
1697.85 95.065 18 43538
1697.85 95.065 18 43539
1697.85 95.07 19 43540
1697.86 95.075 20 43541
1697.86 95.075 20 43542
1697.87 95.075 21 43543
1697.87 95.08 22 43544
1697.87 95.08 22 43545
1697.87 95.085 23 43546
1697.87 95.085 23 43547
1697.87 95.09 24 43548
1697.88 95.09 24 43549
1697.88 95.095 25 43550
1697.88 95.1 26 43551
1697.88 95.1 26 43552
1697.88 95.1 26 43553
1697.88 95.105 27 43554
1697.89 95.105 27 43555
1697.89 95.11 28 43556
1697.89 95.11 28 43557
1697.89 95.115 29 43558
1697.89 95.115 29 43559
1697.89 95.12 30 43560
1697.9 95.12 30 43561
1697.9 95.125 31 43562
1697.9 95.125 31 43563
1697.9 95.13 32 43564
1697.9 95.13 32 43565
1697.9 95.135 33 43566
1697.91 95.135 33 43567
1697.91 95.14 34 43568
1697.91 95.14 34 43569
1697.91 95.145 35 43570
1697.91 95.145 35 43571
1697.91 95.15 36 43572
1697.92 95.15 36 43573
1697.93 95.155 38 43574
1697.93 95.16 39 43575
1697.93 95.16 39 43576
1697.93 95.165 40 43577
1697.93 95.17 41 43578
1697.94 95.17 41 43579
1697.94 95.17 41 43580
1697.94 95.175 42 43581
1697.94 95.175 42 43582
1697.94 95.18 43 43583
1697.94 95.18 43 43584
1697.95 95.185 44 43585
1697.95 95.185 44 43586
1697.95 95.19 45 43587
1697.95 95.19 45 43588
1697.95 95.195 46 43589
1698.16 95.2 50 43590
1698.17 95.205 51 43591
1698.17 95.205 51 43592
1698.18 95.21 53 43593
1698.18 95.215 54 43594
1698.18 95.215 54 43595
1698.18 95.22 55 43596
1698.19 95.22 55 43597
1698.19 95.225 56 43598
1698.19 95.225 56 43599
1698.19 95.23 57 43600
1698.19 95.23 57 43601
1698.2 95.235 59 43602
1698.21 95.24 60 43603
1698.21 95.24 60 43604
1698.22 95.245 62 43605
1698.22 95.25 63 43606
1698.33 95.25 65 43607
1698.33 95.255 66 43608
1698.33 95.255 66 43609
1698.34 95.26 67 43610
1698.34 95.26 67 43611
1698.34 95.265 68 43612
1698.34 95.265 68 43613
1698.34 95.27 69 43614
1698.34 95.27 69 43615
1698.35 95.275 70 43616
1698.35 95.275 70 43617
1698.35 95.28 71 43618
1698.35 95.28 71 43619
1698.35 95.285 72 43620
1698.46 95.285 74 43621
1698.46 95.29 75 43622
1698.47 95.29 75 43623
1698.47 95.295 76 43624
1698.47 95.295 76 43625
1698.47 95.3 77 43626
1698.47 95.3 77 43627
1698.47 95.305 78 43628
1698.58 95.305 80 43629
1698.59 95.31 81 43630
1698.59 95.31 81 43631
1698.59 95.315 82 43632
1698.59 95.315 82 43633
1698.59 95.32 83 43634
1698.59 95.32 83 43635
1698.6 95.325 84 43636
1698.6 95.33 85 43637
1698.6 95.33 85 43638
1698.6 95.33 85 43639
1698.6 95.335 86 43640
1698.6 95.335 86 43641
1698.6 95.34 87 43642
1698.61 95.34 87 43643
1698.61 95.345 88 43644
1698.72 95.345 90 43645
1698.72 95.35 91 43646
1698.72 95.35 91 43647
1698.72 95.355 92 43648
1698.72 95.355 92 43649
1698.73 95.36 93 43650
1698.73 95.36 93 43651
1698.73 95.365 94 43652
1698.73 95.365 94 43653
1698.73 95.37 95 43654
1698.73 95.37 95 43655
1698.74 95.375 96 43656
1698.74 95.375 96 43657
1698.74 95.38 97 43658
1698.74 95.38 97 43659
1698.74 95.385 98 43660
1698.74 95.385 98 43661
1698.75 95.39 99 43662
1698.75 95.39 99 43663
1698.75 95.395 100 43664
1698.75 95.395 100 43665
1698.75 95.4 101 43666
1698.75 95.4 101 43667
1698.76 95.405 102 43668
1698.76 95.405 102 43669
1698.76 95.41 103 43670
1698.76 95.41 103 43671
1698.76 95.415 104 43672
1698.76 95.415 104 43673
1698.77 95.42 105 43674
1698.77 95.425 106 43675
1698.77 95.425 106 43676
1698.77 95.425 106 43677
1698.77 95.43 107 43678
1698.77 95.43 107 43679
1698.78 95.435 108 43680
1698.78 95.435 108 43681
1698.78 95.44 109 43682
1698.78 95.445 110 43683
1698.78 95.445 110 43684
1698.78 95.45 111 43685
1698.79 95.45 111 43686
1698.79 95.455 112 43687
1698.79 95.455 112 43688
1698.79 95.46 113 43689
1698.79 95.46 113 43690
1698.79 95.465 114 43691
1698.8 95.47 115 43692
1698.8 95.47 115 43693
1698.8 95.475 116 43694
1698.8 95.475 116 43695
1698.81 95.475 117 43696
1698.81 95.48 118 43697
1698.81 95.48 118 43698
1698.81 95.485 119 43699
1698.81 95.485 119 43700
1698.82 95.49 120 43701
1698.82 95.49 120 43702
1698.82 95.495 121 43703
1698.82 95.495 121 43704
1698.82 95.5 122 43705
1698.82 95.5 122 43706
1698.83 95.505 123 43707
1698.83 95.51 124 43708
1698.83 95.51 124 43709
1698.83 95.51 124 43710
1698.83 95.515 125 43711
1698.83 95.515 125 43712
1698.85 95.52 127 43713
1698.85 95.525 128 43714
1698.85 95.525 128 43715
1698.85 95.53 129 43716
1698.85 95.53 129 43717
1698.85 95.535 130 43718
1698.86 95.54 131 43719
1698.86 95.54 131 43720
1698.86 95.545 132 43721
1698.86 95.545 132 43722
1698.86 95.55 133 43723
1698.86 95.55 133 43724
1698.87 95.555 134 43725
1698.87 95.555 134 43726
1698.87 95.555 134 43727
1698.87 95.56 135 43728
1698.87 95.56 135 43729
1698.87 95.565 136 43730
1698.88 95.57 137 43731
1698.88 95.57 137 43732
1698.88 95.575 138 43733
1698.88 95.575 138 43734
1698.88 95.575 138 43735
1698.88 95.58 139 43736
1698.89 95.58 139 43737
1698.89 95.585 140 43738
1698.89 95.585 140 43739
1698.89 95.59 141 43740
1699.2 95.59 145 43741
1699.2 95.595 146 43742
1699.2 95.595 146 43743
1699.21 95.6 147 43744
1699.21 95.6 147 43745
1699.21 95.605 148 43746
1699.21 95.605 148 43747
1699.21 95.61 149 43748
1699.21 95.61 149 43749
1699.21 95.615 150 43750
1699.22 95.615 150 43751
1699.22 95.62 151 43752
1699.22 95.62 151 43753
1699.22 95.625 152 43754
1699.22 95.625 152 43755
1699.22 95.63 153 43756
1699.23 95.63 153 43757
1699.23 95.635 154 43758
1699.23 95.635 154 43759
1699.23 95.64 155 43760
1699.23 95.64 155 43761
1699.23 95.645 156 43762
1699.24 95.645 156 43763
1699.24 95.65 157 43764
1699.24 95.65 157 43765
1699.24 95.655 158 43766
1699.24 95.655 158 43767
1699.24 95.66 159 43768
1699.25 95.66 159 43769
1699.25 95.665 160 43770
1699.25 95.665 160 43771
1699.25 95.67 161 43772
1699.25 95.67 161 43773
1699.25 95.675 162 43774
1699.26 95.68 163 43775
1699.26 95.68 163 43776
1699.26 95.685 164 43777
1699.26 95.685 164 43778
1699.26 95.685 164 43779
1699.26 95.69 165 43780
1699.27 95.69 165 43781
1699.27 95.695 166 43782
1699.68 95.695 171 43783
1699.68 95.7 172 43784
1699.68 95.7 172 43785
1699.68 95.705 173 43786
1699.68 95.705 173 43787
1699.69 95.71 174 43788
1699.69 95.71 174 43789
1699.69 95.715 175 43790
1699.69 95.72 176 43791
1699.69 95.72 176 43792
1699.7 95.725 177 43793
1699.7 95.725 178 43794
1699.71 95.73 179 43795
1699.71 95.73 179 43796
1699.71 95.735 180 43797
1699.71 95.735 180 43798
1699.71 95.74 181 43799
1699.71 95.74 181 43800
1699.72 95.745 182 43801
1699.72 95.745 182 43802
1699.72 95.75 183 43803
1699.72 95.75 183 43804
1699.72 95.755 184 43805
1699.72 95.76 185 43806
1699.72 95.76 185 43807
1700.03 95.76 189 43808
1700.04 95.765 190 43809
1700.04 95.765 190 43810
1700.04 95.77 191 43811
1700.04 95.77 191 43812
1700.04 95.775 192 43813
1700.04 95.775 192 43814
1700.05 95.78 193 43815
1700.05 95.78 193 43816
1700.05 95.785 194 43817
1700.05 95.785 194 43818
1700.05 95.79 195 43819
1700.06 95.79 196 43820
1700.06 95.795 197 43821
1700.06 95.795 197 43822
1700.07 95.8 198 43823
1700.07 95.8 198 43824
1700.07 95.805 199 43825
1700.07 95.81 200 43826
1700.07 95.81 200 43827
1700.07 95.815 201 43828
1700.08 95.815 201 43829
1700.08 95.815 201 43830
1700.08 95.82 202 43831
1700.08 95.82 202 43832
1700.08 95.825 203 43833
1700.08 95.825 203 43834
1700.09 95.83 204 43835
1700.09 95.83 204 43836
1700.09 95.835 205 43837
1700.09 95.835 205 43838
1700.09 95.84 206 43839
1700.09 95.84 206 43840
1700.1 95.845 207 43841
1700.1 95.845 207 43842
1700.1 95.85 208 43843
1700.1 95.85 208 43844
1700.1 95.855 209 43845
1700.1 95.855 209 43846
1700.11 95.86 210 43847
1700.11 95.865 211 43848
1700.11 95.865 211 43849
1700.11 95.865 211 43850
1700.11 95.87 212 43851
1700.11 95.875 213 43852
1700.12 95.88 214 43853
1700.12 95.88 214 43854
1700.12 95.88 214 43855
1700.12 95.885 215 43856
1700.12 95.89 216 43857
1700.12 95.895 217 43858
1700.13 95.895 217 43859
1700.13 95.9 218 43860
1700.13 95.9 218 43861
1700.13 95.9 218 43862
1700.14 95.9 219 43863
1700.14 95.905 220 43864
1700.14 95.905 220 43865
1700.14 95.91 221 43866
1700.14 95.91 221 43867
1700.15 95.915 222 43868
1700.15 95.915 222 43869
1700.15 95.92 223 43870
1700.15 95.92 223 43871
1700.15 95.925 224 43872
1700.15 95.925 224 43873
1700.16 95.93 225 43874
1700.27 95.93 227 43875
1700.27 95.935 228 43876
1700.27 95.935 228 43877
1700.27 95.94 229 43878
1700.27 95.94 229 43879
1700.28 95.945 231 43880
1700.28 95.95 232 43881
1700.29 95.95 232 43882
1700.29 95.955 233 43883
1700.29 95.955 233 43884
1700.29 95.96 234 43885
1700.29 95.96 234 43886
1700.29 95.965 235 43887
1700.3 95.965 235 43888
1700.3 95.97 236 43889
1700.3 95.97 236 43890
1700.3 95.975 237 43891
1700.3 95.975 237 43892
1700.3 95.98 238 43893
1700.31 95.985 239 43894
1700.31 95.985 239 43895
1700.31 95.99 240 43896
1700.31 95.99 240 43897
1700.31 95.99 240 43898
1700.72 95.995 246 43899
1700.73 96 247 43900
1700.73 96 247 43901
1700.73 96.005 248 43902
1700.73 96.005 248 43903
1700.73 96.01 249 43904
1700.73 96.01 249 43905
1700.74 96.015 250 43906
1700.74 96.015 250 43907
1700.74 96.02 251 43908
1700.74 96.02 251 43909
1700.74 96.025 252 43910
1700.85 96.025 254 43911
1700.85 96.03 255 43912
1700.86 96.03 255 43913
1700.86 96.035 256 43914
1700.86 96.035 256 43915
1700.86 96.04 257 43916
1700.86 96.04 257 43917
1700.86 96.045 258 43918
1700.87 96.045 258 43919
1700.87 96.05 259 43920
1700.87 96.05 259 43921
1700.87 96.055 260 43922
1700.87 96.055 260 43923
1700.87 96.06 261 43924
1700.88 96.06 261 43925
1700.88 96.065 262 43926
1700.88 96.065 262 43927
1700.88 96.07 263 43928
1700.88 96.07 263 43929
1700.88 96.075 264 43930
1700.89 96.075 264 43931
1700.89 96.08 265 43932
1700.89 96.08 265 43933
1700.89 96.085 266 43934
1700.89 96.09 267 43935
1700.89 96.09 267 43936
1700.9 96.09 267 43937
1700.9 96.095 268 43938
1700.9 96.095 268 43939
1700.9 96.1 269 43940
1700.91 96.1 270 43941
1700.91 96.105 271 43942
1700.91 96.105 271 43943
1700.91 96.11 272 43944
1700.92 96.11 272 43945
1700.92 96.115 273 43946
1700.92 96.115 273 43947
1700.92 96.12 274 43948
1700.92 96.12 274 43949
1700.92 96.125 275 43950
1700.93 96.125 275 43951
1700.93 96.13 276 43952
1700.93 96.13 276 43953
1700.93 96.135 277 43954
1700.93 96.135 277 43955
1700.93 96.14 278 43956
1700.94 96.14 278 43957
1700.94 96.145 279 43958
1700.94 96.145 279 43959
1700.94 96.15 280 43960
1700.94 96.15 280 43961
1700.94 96.155 281 43962
1700.95 96.155 281 43963
1700.95 96.16 282 43964
1700.95 96.16 282 43965
1700.95 96.165 283 43966
1700.95 96.165 283 43967
1700.95 96.17 284 43968
1700.96 96.175 285 43969
1701.07 96.175 287 43970
1701.07 96.18 288 43971
1701.07 96.18 288 43972
1701.07 96.185 289 43973
1701.07 96.185 289 43974
1701.07 96.19 290 43975
1701.08 96.19 290 43976
1701.08 96.195 291 43977
1701.08 96.195 291 43978
1701.08 96.2 292 43979
1701.08 96.2 292 43980
1701.08 96.205 293 43981
1701.09 96.205 293 43982
1701.09 96.21 294 43983
1701.09 96.21 294 43984
1701.09 96.215 295 43985
1701.09 96.215 295 43986
1701.09 96.22 296 43987
1701.1 96.22 296 43988
1701.1 96.225 297 43989
1701.1 96.225 297 43990
1701.1 96.23 298 43991
1701.1 96.23 298 43992
1701.1 96.235 299 43993
1701.11 96.235 299 43994
1701.11 96.24 300 43995
1701.11 96.24 300 43996
1701.11 96.245 301 43997
1701.11 96.245 301 43998
1701.11 96.25 302 43999
1701.12 96.25 302 44000
1701.12 96.255 303 44001
1701.12 96.255 303 44002
1701.12 96.26 304 44003
1701.12 96.26 304 44004
1701.12 96.265 305 44005
1701.13 96.27 306 44006
1701.13 96.27 306 44007
1701.13 96.27 306 44008
1701.13 96.275 307 44009
1701.13 96.28 308 44010
1701.13 96.285 309 44011
1701.14 96.285 309 44012
1701.14 96.29 310 44013
1701.14 96.29 310 44014
1701.14 96.295 311 44015
1701.14 96.3 312 44016
1701.14 96.3 312 44017
1701.15 96.3 312 44018
1701.15 96.3 313 44019
1701.15 96.305 314 44020
1701.16 96.305 314 44021
1701.16 96.31 315 44022
1701.16 96.31 315 44023
1701.16 96.315 316 44024
1701.16 96.315 316 44025
1701.16 96.32 317 44026
1701.16 96.32 317 44027
1701.17 96.325 318 44028
1701.17 96.33 319 44029
1701.17 96.33 319 44030
1701.17 96.33 319 44031
1701.17 96.335 320 44032
1701.17 96.34 321 44033
1701.18 96.34 321 44034
1701.18 96.345 322 44035
1701.18 96.345 322 44036
1701.18 96.35 323 44037
1701.18 96.35 323 44038
1701.18 96.35 323 44039
1701.19 96.355 324 44040
1701.19 96.355 324 44041
1701.19 96.36 325 44042
1701.19 96.36 325 44043
1701.19 96.365 326 44044
1701.19 96.365 326 44045
1701.2 96.37 327 44046
1701.2 96.375 328 44047
1701.2 96.375 328 44048
1701.2 96.38 329 44049
1701.2 96.38 329 44050
1701.31 96.38 331 44051
1701.42 96.385 334 44052
1701.42 96.39 335 44053
1701.43 96.39 335 44054
1701.43 96.395 336 44055
1701.43 96.395 336 44056
1701.43 96.4 337 44057
1701.43 96.4 337 44058
1701.43 96.405 338 44059
1701.44 96.405 338 44060
1701.44 96.41 339 44061
1701.44 96.41 339 44062
1701.44 96.415 340 44063
1701.44 96.415 340 44064
1701.44 96.42 341 44065
1701.45 96.42 341 44066
1701.45 96.425 342 44067
1701.45 96.425 342 44068
1701.45 96.43 343 44069
1701.45 96.43 343 44070
1701.45 96.435 344 44071
1701.46 96.44 345 44072
1701.46 96.44 345 44073
1701.46 96.44 345 44074
1701.46 96.445 346 44075
1701.46 96.45 347 44076
1701.57 96.45 349 44077
1701.57 96.455 350 44078
1701.58 96.455 350 44079
1701.58 96.46 351 44080
1701.58 96.46 351 44081
1701.58 96.465 352 44082
1701.58 96.47 353 44083
1701.58 96.47 353 44084
1701.59 96.475 354 44085
1701.59 96.475 354 44086
1701.59 96.475 354 44087
1701.59 96.48 355 44088
1701.59 96.48 355 44089
1701.59 96.485 356 44090
1701.6 96.485 356 44091
1701.6 96.49 357 44092
1701.6 96.49 357 44093
1701.6 96.495 358 44094
1701.6 96.495 358 44095
1701.6 96.5 359 44096
1701.6 96.5 359 44097
1701.61 96.505 360 44098
1701.61 96.505 360 44099
1701.61 96.51 361 44100
1701.61 96.51 361 44101
1701.61 96.515 362 44102
1701.61 96.515 362 44103
1701.62 96.52 363 44104
1701.62 96.525 364 44105
1701.62 96.525 364 44106
1701.62 96.53 365 44107
1701.62 96.53 365 44108
1701.62 96.53 365 44109
1701.63 96.535 366 44110
1701.63 96.54 367 44111
1701.64 96.54 368 44112
1701.64 96.545 369 44113
1701.64 96.545 369 44114
1701.64 96.55 370 44115
1701.64 96.55 370 44116
1701.65 96.555 371 44117
1701.65 96.555 371 44118
1701.65 96.56 372 44119
1701.65 96.56 372 44120
1701.66 96.565 374 44121
1701.66 96.57 375 44122
1701.67 96.57 375 44123
1701.67 96.575 376 44124
1701.67 96.575 376 44125
1701.67 96.58 377 44126
1701.67 96.585 378 44127
1701.67 96.585 378 44128
1701.68 96.585 378 44129
1701.68 96.59 379 44130
1701.68 96.595 380 44131
1701.68 96.595 380 44132
1701.68 96.6 381 44133
1701.68 96.6 381 44134
1701.69 96.605 382 44135
1701.69 96.61 383 44136
1701.69 96.61 383 44137
1701.7 96.61 384 44138
1701.7 96.615 385 44139
1701.7 96.615 385 44140
1701.7 96.62 386 44141
1701.7 96.62 386 44142
1701.71 96.625 387 44143
1701.71 96.625 387 44144
1701.71 96.63 388 44145
1701.71 96.63 388 44146
1701.71 96.635 389 44147
1701.71 96.635 389 44148
1701.72 96.64 390 44149
1701.72 96.64 390 44150
1701.83 96.645 393 44151
1701.83 96.65 394 44152
1701.83 96.65 394 44153
1701.83 96.655 395 44154
1701.84 96.66 396 44155
1701.84 96.66 396 44156
1701.84 96.66 396 44157
1701.84 96.665 397 44158
1701.84 96.67 398 44159
1701.84 96.67 398 44160
1701.84 96.67 398 44161
1701.85 96.675 399 44162
1701.96 96.675 401 44163
1701.96 96.68 402 44164
1701.96 96.68 402 44165
1701.96 96.685 403 44166
1701.96 96.685 403 44167
1701.96 96.69 404 44168
1701.97 96.69 404 44169
1701.97 96.695 405 44170
1701.97 96.695 405 44171
1701.97 96.7 406 44172
1701.97 96.7 406 44173
1701.97 96.705 407 44174
1702.08 96.705 409 44175
1702.09 96.71 410 44176
1702.09 96.71 410 44177
1702.09 96.715 411 44178
1702.09 96.715 411 44179
1702.09 96.72 412 44180
1702.09 96.72 412 44181
1702.1 96.725 413 44182
1702.1 96.73 414 44183
1702.1 96.73 414 44184
1702.1 96.73 414 44185
1702.11 96.735 416 44186
1702.11 96.74 417 44187
1702.12 96.74 417 44188
1702.12 96.745 418 44189
1702.12 96.745 418 44190
1702.12 96.75 419 44191
1702.12 96.75 419 44192
1702.12 96.755 420 44193
1702.13 96.755 420 44194
1702.13 96.76 421 44195
1702.13 96.76 421 44196
1702.13 96.765 422 44197
1702.13 96.765 422 44198
1702.13 96.77 423 44199
1702.14 96.77 423 44200
1702.14 96.775 424 44201
1702.14 96.775 424 44202
1702.14 96.78 425 44203
1702.14 96.78 425 44204
1702.14 96.785 426 44205
1702.15 96.785 426 44206
1702.15 96.79 427 44207
1702.15 96.79 427 44208
1702.15 96.795 428 44209
1702.15 96.795 428 44210
1702.15 96.8 429 44211
1702.16 96.8 429 44212
1702.16 96.805 430 44213
1702.27 96.805 432 44214
1702.27 96.81 433 44215
1702.27 96.81 433 44216
1702.28 96.815 435 44217
1702.28 96.82 436 44218
1702.29 96.82 436 44219
1702.29 96.825 437 44220
1702.29 96.825 437 44221
1702.29 96.83 438 44222
1702.29 96.83 438 44223
1702.29 96.835 439 44224
1702.3 96.835 439 44225
1702.3 96.84 440 44226
1702.3 96.84 440 44227
1702.3 96.845 441 44228
1702.3 96.845 441 44229
1702.3 96.85 442 44230
1702.31 96.855 443 44231
1702.31 96.855 443 44232
1702.31 96.86 444 44233
1702.32 96.86 445 44234
1702.32 96.865 446 44235
1702.32 96.865 446 44236
1702.32 96.87 447 44237
1702.33 96.875 448 44238
1702.33 96.875 448 44239
1702.33 96.875 448 44240
1702.33 96.88 449 44241
1702.44 96.88 451 44242
1702.44 96.885 452 44243
1702.44 96.885 452 44244
1702.44 96.89 453 44245
1702.45 96.89 453 44246
1702.45 96.895 454 44247
1702.45 96.895 454 44248
1702.45 96.9 455 44249
1702.45 96.905 456 44250
1702.45 96.905 456 44251
1702.46 96.91 457 44252
1702.46 96.91 457 44253
1702.46 96.915 458 44254
1702.46 96.915 458 44255
1702.46 96.92 459 44256
1702.46 96.92 459 44257
1702.47 96.925 460 44258
1702.47 96.925 460 44259
1702.47 96.93 461 44260
1702.47 96.93 461 44261
1702.47 96.93 461 44262
1702.47 96.935 462 44263
1702.48 96.935 462 44264
1702.48 96.94 463 44265
1702.48 96.94 463 44266
1702.48 96.945 464 44267
1702.48 96.95 465 44268
1702.49 96.95 466 44269
1702.49 96.955 467 44270
1702.5 96.955 467 44271
1702.5 96.96 468 44272
1702.5 96.96 468 44273
1702.5 96.965 469 44274
1702.5 96.965 469 44275
1702.5 96.97 470 44276
1702.51 96.97 470 44277
1702.51 96.975 471 44278
1702.51 96.975 471 44279
1702.51 96.98 472 44280
1702.51 96.98 472 44281
1702.51 96.985 473 44282
1702.52 96.985 473 44283
1702.52 96.99 474 44284
1702.52 96.995 475 44285
1702.52 96.995 475 44286
1702.52 97 476 44287
1702.52 97 476 44288
1702.63 97 478 44289
1702.63 97.005 479 44290
1702.64 97.005 479 44291
1702.64 97.01 480 44292
1702.64 97.01 480 44293
1702.64 97.015 481 44294
1702.64 97.015 481 44295
1702.64 97.02 482 44296
1702.65 97.02 482 44297
1702.65 97.025 483 44298
1702.65 97.03 484 44299
1702.65 97.03 484 44300
1702.65 97.03 484 44301
1702.65 97.035 485 44302
1702.66 97.04 486 44303
1702.67 97.04 487 44304
1702.67 97.045 488 44305
1702.67 97.045 488 44306
1702.67 97.05 489 44307
1702.67 97.05 489 44308
1702.67 97.055 490 44309
1702.67 97.055 490 44310
1702.68 97.06 491 44311
1702.68 97.06 491 44312
1702.68 97.065 492 44313
1702.68 97.065 492 44314
1702.68 97.07 493 44315
1702.68 97.07 493 44316
1703.1 97.075 499 44317
1703.1 97.08 500 44318
1703.1 97.08 500 44319
1703.1 97.085 501 44320
1703.1 97.085 501 44321
1703.1 97.09 502 44322
1703.11 97.09 502 44323
1703.11 97.095 503 44324
1703.11 97.095 503 44325
1703.11 97.1 504 44326
1703.11 97.1 504 44327
1703.11 97.105 505 44328
1703.12 97.105 505 44329
1703.12 97.11 506 44330
1703.12 97.11 506 44331
1703.12 97.115 507 44332
1703.12 97.115 507 44333
1703.12 97.12 508 44334
1703.13 97.12 508 44335
1703.13 97.125 509 44336
1703.13 97.13 510 44337
1703.13 97.13 510 44338
1703.13 97.13 510 44339
1703.13 97.135 511 44340
1703.14 97.135 511 44341
1703.14 97.14 512 44342
1703.14 97.14 512 44343
1703.14 97.145 513 44344
1703.14 97.145 513 44345
1703.14 97.15 514 44346
1703.15 97.15 514 44347
1703.15 97.155 515 44348
1703.15 97.155 515 44349
1703.15 97.16 516 44350
1703.15 97.16 516 44351
1703.15 97.165 517 44352
1703.16 97.165 517 44353
1703.16 97.17 518 44354
1703.16 97.17 518 44355
1703.16 97.175 519 44356
1703.16 97.175 519 44357
1703.16 97.18 520 44358
1703.17 97.18 520 44359
1703.17 97.185 521 44360
1703.17 97.185 521 44361
1703.17 97.19 522 44362
1703.17 97.19 522 44363
1703.17 97.195 523 44364
1703.18 97.2 524 44365
1703.19 97.2 525 44366
1703.19 97.205 526 44367
1703.19 97.205 526 44368
1703.19 97.21 527 44369
1703.19 97.21 527 44370
1703.19 97.215 528 44371
1703.19 97.215 528 44372
1703.2 97.22 529 44373
1703.2 97.22 529 44374
1703.2 97.225 530 44375
1703.2 97.23 531 44376
1703.2 97.23 531 44377
1703.2 97.235 532 44378
1703.21 97.235 532 44379
1703.21 97.24 533 44380
1703.22 97.24 534 44381
1703.23 97.245 536 44382
1703.23 97.25 537 44383
1703.34 97.25 539 44384
1703.34 97.255 540 44385
1703.34 97.255 540 44386
1703.35 97.26 541 44387
1703.35 97.26 541 44388
1703.35 97.265 542 44389
1703.35 97.265 542 44390
1703.35 97.27 543 44391
1703.35 97.27 543 44392
1703.36 97.275 544 44393
1703.36 97.275 544 44394
1703.36 97.28 545 44395
1703.36 97.28 545 44396
1703.36 97.285 546 44397
1703.36 97.285 546 44398
1703.37 97.29 547 44399
1703.37 97.29 547 44400
1703.37 97.295 548 44401
1703.37 97.295 548 44402
1703.37 97.3 549 44403
1703.37 97.3 549 44404
1703.38 97.305 550 44405
1703.38 97.305 550 44406
1703.38 97.31 551 44407
1703.38 97.31 551 44408
1703.38 97.315 552 44409
1703.38 97.32 553 44410
1703.39 97.32 553 44411
1703.39 97.325 554 44412
1703.39 97.325 554 44413
1703.39 97.33 555 44414
1703.39 97.33 555 44415
1703.39 97.33 555 44416
1703.4 97.335 556 44417
1703.4 97.335 556 44418
1703.4 97.34 557 44419
1703.4 97.34 557 44420
1703.4 97.345 558 44421
1703.4 97.35 559 44422
1703.41 97.35 559 44423
1703.41 97.355 560 44424
1703.41 97.355 560 44425
1703.41 97.36 561 44426
1703.41 97.36 561 44427
1703.41 97.365 562 44428
1703.42 97.365 562 44429
1703.42 97.365 562 44430
1703.42 97.37 563 44431
1703.42 97.37 563 44432
1703.42 97.375 564 44433
1703.63 97.375 567 44434
1703.63 97.38 568 44435
1703.64 97.38 568 44436
1703.64 97.385 569 44437
1703.64 97.385 569 44438
1703.64 97.39 570 44439
1703.64 97.39 570 44440
1703.64 97.395 571 44441
1703.64 97.395 571 44442
1703.65 97.4 572 44443
1703.65 97.4 572 44444
1703.65 97.405 573 44445
1703.65 97.405 573 44446
1703.65 97.41 574 44447
1703.65 97.41 574 44448
1703.66 97.415 575 44449
1703.66 97.415 575 44450
1703.66 97.42 576 44451
1703.66 97.42 576 44452
1703.66 97.425 577 44453
1703.66 97.43 578 44454
1703.67 97.43 578 44455
1703.67 97.435 579 44456
1703.67 97.435 579 44457
1703.67 97.44 580 44458
1703.67 97.44 580 44459
1703.67 97.44 580 44460
1703.68 97.445 581 44461
1703.68 97.445 581 44462
1703.68 97.45 582 44463
1703.68 97.455 583 44464
1703.68 97.455 583 44465
1703.68 97.46 584 44466
1703.69 97.46 584 44467
1703.69 97.465 585 44468
1703.69 97.465 585 44469
1703.69 97.465 585 44470
1703.69 97.47 586 44471
1703.69 97.47 586 44472
1703.7 97.475 587 44473
1703.7 97.475 587 44474
1703.7 97.48 588 44475
1703.7 97.48 588 44476
1703.7 97.485 589 44477
1703.7 97.485 589 44478
1703.71 97.49 590 44479
1703.71 97.49 590 44480
1703.71 97.495 591 44481
1703.71 97.495 591 44482
1703.71 97.5 592 44483
1703.71 97.5 592 44484
1703.72 97.505 593 44485
1703.72 97.505 593 44486
1703.72 97.51 594 44487
1703.72 97.51 594 44488
1703.72 97.515 595 44489
1703.72 97.52 596 44490
1703.73 97.52 596 44491
1703.73 97.52 596 44492
1703.73 97.525 597 44493
1703.73 97.525 597 44494
1703.73 97.53 598 44495
1703.73 97.53 598 44496
1703.75 97.535 600 44497
1703.75 97.54 601 44498
1703.75 97.54 601 44499
1703.75 97.545 602 44500
1703.75 97.545 602 44501
1703.75 97.55 603 44502
1703.75 97.55 603 44503
1703.76 97.555 604 44504
1703.76 97.555 604 44505
1703.76 97.56 605 44506
1703.76 97.56 605 44507
1703.76 97.565 606 44508
1703.76 97.565 606 44509
1703.77 97.57 607 44510
1703.77 97.57 607 44511
1703.77 97.575 608 44512
1703.77 97.58 609 44513
1703.77 97.58 609 44514
1703.77 97.585 610 44515
1703.78 97.59 611 44516
1703.78 97.59 611 44517
1703.78 97.59 611 44518
1703.78 97.595 612 44519
1703.78 97.595 612 44520
1703.78 97.6 613 44521
1703.79 97.6 613 44522
1703.79 97.6 613 44523
1703.79 97.605 614 44524
1703.79 97.61 615 44525
1703.79 97.61 615 44526
1703.79 97.615 616 44527
1703.8 97.62 617 44528
1703.8 97.62 617 44529
1703.8 97.62 617 44530
1703.8 97.625 618 44531
1703.8 97.63 619 44532
1703.8 97.63 619 44533
1703.81 97.63 619 44534
1703.81 97.63 620 44535
1703.81 97.635 621 44536
1703.82 97.635 621 44537
1703.82 97.64 622 44538
1703.82 97.64 622 44539
1703.82 97.645 623 44540
1703.82 97.645 623 44541
1703.82 97.65 624 44542
1703.83 97.655 625 44543
1703.83 97.655 625 44544
1703.83 97.66 626 44545
1703.83 97.665 627 44546
1703.83 97.665 627 44547
1703.83 97.67 628 44548
1703.84 97.67 628 44549
1703.84 97.67 629 44550
1703.85 97.675 630 44551
1703.85 97.675 630 44552
1703.85 97.68 631 44553
1703.85 97.68 631 44554
1703.85 97.685 632 44555
1703.85 97.685 632 44556
1703.86 97.69 633 44557
1703.86 97.69 633 44558
1703.86 97.695 634 44559
1703.86 97.695 634 44560
1703.86 97.7 635 44561
1703.86 97.705 636 44562
1703.86 97.705 636 44563
1703.87 97.705 636 44564
1703.87 97.705 636 44565
1703.87 97.71 637 44566
1703.87 97.715 638 44567
1703.88 97.72 639 44568
1703.88 97.72 639 44569
1703.88 97.72 639 44570
1703.88 97.725 640 44571
1703.88 97.73 641 44572
1703.89 97.73 641 44573
1703.89 97.73 641 44574
1703.89 97.735 642 44575
1703.89 97.735 642 44576
1703.89 97.74 643 44577
1703.89 97.74 643 44578
1703.9 97.74 643 44579
1703.9 97.745 644 44580
1703.9 97.745 644 44581
1703.9 97.745 644 44582
1703.9 97.75 645 44583
1703.9 97.75 645 44584
1703.91 97.75 645 44585
1703.91 97.75 645 44586
1703.91 97.755 646 44587
1703.92 97.755 647 44588
1703.92 97.76 648 44589
1703.93 97.76 649 44590
1703.94 97.765 650 44591
1703.94 97.77 651 44592
1703.94 97.775 652 44593
1703.95 97.78 653 44594
1703.95 97.785 654 44595
1703.95 97.79 655 44596
1703.95 97.79 655 44597
1703.95 97.79 655 44598
1703.95 97.795 656 44599
1703.96 97.795 656 44600
1703.96 97.8 657 44601
1703.96 97.8 657 44602
1703.96 97.8 657 44603
1703.96 97.8 657 44604
1703.97 97.805 658 44605
1703.97 97.81 659 44606
1703.97 97.815 660 44607
1703.97 97.82 661 44608
1703.97 97.82 661 44609
1703.98 97.82 661 44610
1703.98 97.825 662 44611
1703.98 97.825 662 44612
1703.98 97.825 662 44613
1703.98 97.83 663 44614
1703.99 97.835 664 44615
1703.99 97.84 665 44616
1703.99 97.84 665 44617
1703.99 97.84 665 44618
1703.99 97.84 665 44619
1703.99 97.84 665 44620
1704 97.845 666 44621
1704 97.845 666 44622
1704 97.845 666 44623
1704 97.85 667 44624
1704 97.85 667 44625
1704 97.855 668 44626
1704.01 97.855 668 44627
1704.01 97.86 669 44628
1704.01 97.86 669 44629
1704.01 97.86 669 44630
1704.12 97.86 671 44631
1704.12 97.865 672 44632
1704.13 97.87 673 44633
1704.13 97.875 674 44634
1704.13 97.88 675 44635
1704.13 97.88 675 44636
1704.13 97.88 675 44637
1704.13 97.885 676 44638
1704.14 97.89 677 44639
1704.14 97.89 677 44640
1704.14 97.89 677 44641
1704.14 97.895 678 44642
1704.15 97.895 679 44643
1704.15 97.9 680 44644
1704.15 97.9 680 44645
1704.16 97.9 680 44646
1704.16 97.905 681 44647
1704.16 97.905 681 44648
1704.16 97.905 681 44649
1704.16 97.91 682 44650
1704.16 97.91 682 44651
1704.17 97.91 682 44652
1704.17 97.915 683 44653
1704.17 97.92 684 44654
1704.17 97.92 684 44655
1704.17 97.92 684 44656
1704.17 97.92 684 44657
1704.18 97.925 685 44658
1704.18 97.925 685 44659
1704.19 97.925 686 44660
1704.19 97.93 687 44661
1704.19 97.93 687 44662
1704.19 97.93 687 44663
1704.19 97.935 688 44664
1704.2 97.94 689 44665
1704.2 97.945 690 44666
1704.21 97.95 691 44667
1704.21 97.955 692 44668
1704.21 97.96 693 44669
1704.21 97.965 694 44670
1704.21 97.965 694 44671
1704.21 97.965 694 44672
1704.22 97.97 695 44673
1704.22 97.97 695 44674
1704.23 97.975 697 44675
1704.24 97.98 698 44676
1704.24 97.985 699 44677
1704.24 97.99 700 44678
1704.24 97.995 701 44679
1704.25 98 702 44680
1704.25 98 702 44681
1704.25 98 702 44682
1704.25 98.005 703 44683
1704.25 98.01 704 44684
1704.25 98.01 704 44685
1704.26 98.01 704 44686
1704.26 98.01 704 44687
1704.26 98.015 705 44688
1704.26 98.015 705 44689
1704.26 98.015 705 44690
1704.26 98.02 706 44691
1704.27 98.025 707 44692
1704.27 98.025 707 44693
1704.27 98.025 707 44694
1704.27 98.03 708 44695
1704.27 98.03 708 44696
1704.27 98.03 708 44697
1704.28 98.03 708 44698
1704.28 98.035 709 44699
1704.28 98.035 709 44700
1704.28 98.035 709 44701
1704.29 98.035 710 44702
1704.29 98.04 711 44703
1704.29 98.045 712 44704
1704.29 98.05 713 44705
1704.3 98.05 713 44706
1704.3 98.055 714 44707
1704.3 98.055 714 44708
1704.3 98.055 714 44709
1704.3 98.06 715 44710
1704.31 98.06 715 44711
1704.31 98.065 716 44712
1704.31 98.07 717 44713
1704.31 98.07 717 44714
1704.31 98.07 717 44715
1704.32 98.075 718 44716
1704.32 98.075 718 44717
1704.32 98.075 718 44718
1704.32 98.08 719 44719
1704.32 98.08 719 44720
1704.33 98.085 720 44721
1704.44 98.085 722 44722
1704.44 98.09 723 44723
1704.44 98.095 724 44724
1704.46 98.1 726 44725
1704.46 98.105 727 44726
1704.46 98.11 728 44727
1704.47 98.115 729 44728
1704.48 98.12 731 44729
1704.48 98.125 732 44730
1704.48 98.13 733 44731
1704.48 98.13 733 44732
1704.49 98.13 733 44733
1704.49 98.135 734 44734
1704.49 98.14 735 44735
1704.49 98.145 736 44736
1704.5 98.145 736 44737
1704.5 98.145 736 44738
1704.5 98.15 737 44739
1704.5 98.155 738 44740
1704.5 98.155 738 44741
1704.51 98.16 739 44742
1704.51 98.16 739 44743
1704.51 98.16 740 44744
1704.52 98.165 741 44745
1704.52 98.165 741 44746
1704.52 98.165 741 44747
1704.52 98.17 742 44748
1704.53 98.175 743 44749
1704.53 98.18 744 44750
1704.53 98.185 745 44751
1704.54 98.19 746 44752
1704.54 98.195 747 44753
1704.54 98.2 748 44754
1704.55 98.205 749 44755
1704.55 98.21 750 44756
1704.55 98.215 751 44757
1704.56 98.22 752 44758
1704.56 98.225 753 44759
1704.56 98.225 753 44760
1704.56 98.225 753 44761
1704.57 98.23 754 44762
1704.57 98.235 755 44763
1704.57 98.24 756 44764
1704.58 98.245 757 44765
1704.59 98.25 759 44766
1704.59 98.255 760 44767
1704.6 98.26 761 44768
1704.6 98.265 762 44769
1704.6 98.27 763 44770
1704.6 98.27 763 44771
1704.6 98.27 763 44772
1704.61 98.275 764 44773
1704.61 98.28 765 44774
1704.61 98.28 765 44775
1704.61 98.28 765 44776
1704.61 98.285 766 44777
1704.61 98.285 766 44778
1704.62 98.29 767 44779
1704.62 98.29 767 44780
1704.63 98.29 768 44781
1704.64 98.295 770 44782
1704.64 98.3 771 44783
1704.64 98.3 771 44784
1704.64 98.3 771 44785
1704.65 98.305 772 44786
1704.65 98.31 773 44787
1704.65 98.31 773 44788
1704.65 98.31 773 44789
1704.66 98.315 774 44790
1704.66 98.32 775 44791
1704.66 98.325 776 44792
1704.66 98.325 776 44793
1704.66 98.325 776 44794
1704.67 98.33 777 44795
1704.67 98.33 777 44796
1704.67 98.33 777 44797
1704.67 98.335 778 44798
1704.67 98.34 779 44799
1704.67 98.34 779 44800
1704.67 98.34 779 44801
1704.68 98.34 779 44802
1704.68 98.345 780 44803
1704.68 98.35 781 44804
1704.68 98.35 781 44805
1704.68 98.35 781 44806
1704.69 98.355 782 44807
1704.69 98.355 782 44808
1704.69 98.355 782 44809
1704.69 98.36 783 44810
1704.69 98.365 784 44811
1704.7 98.365 784 44812
1704.7 98.365 784 44813
1704.7 98.365 784 44814
1704.7 98.37 785 44815
1704.71 98.37 786 44816
1704.71 98.375 787 44817
1704.72 98.375 788 44818
1704.73 98.38 789 44819
1704.73 98.385 790 44820
1704.73 98.385 790 44821
1704.73 98.385 790 44822
1704.73 98.39 791 44823
1704.73 98.39 791 44824
1704.74 98.39 791 44825
1704.74 98.395 792 44826
1704.74 98.4 793 44827
1704.74 98.4 793 44828
1704.74 98.4 793 44829
1704.75 98.405 794 44830
1704.75 98.41 795 44831
1704.75 98.415 796 44832
1704.76 98.42 797 44833
1704.76 98.425 798 44834
1704.76 98.425 798 44835
1704.76 98.43 799 44836
1704.76 98.43 799 44837
1704.77 98.43 799 44838
1704.77 98.435 800 44839
1704.77 98.44 801 44840
1704.77 98.44 801 44841
1704.77 98.44 801 44842
1704.77 98.445 802 44843
1704.78 98.445 802 44844
1704.78 98.445 802 44845
1704.78 98.445 802 44846
1704.78 98.45 803 44847
1704.78 98.45 803 44848
1704.79 98.455 804 44849
1705 98.455 807 44850
1705 98.46 808 44851
1705 98.465 809 44852
1705 98.465 809 44853
1705 98.465 809 44854
1705 98.47 810 44855
1705.01 98.47 810 44856
1705.01 98.47 810 44857
1705.01 98.475 811 44858
1705.01 98.475 811 44859
1705.01 98.475 811 44860
1705.01 98.48 812 44861
1705.01 98.48 812 44862
1705.02 98.48 812 44863
1705.02 98.485 813 44864
1705.02 98.485 813 44865
1705.02 98.485 813 44866
1705.03 98.49 814 44867
1705.03 98.495 815 44868
1705.03 98.5 816 44869
1705.03 98.5 816 44870
1705.03 98.505 817 44871
1705.03 98.505 817 44872
1705.04 98.505 817 44873
1705.04 98.51 818 44874
1705.04 98.51 818 44875
1705.04 98.51 818 44876
1705.04 98.515 819 44877
1705.04 98.515 819 44878
1705.05 98.515 819 44879
1705.05 98.515 819 44880
1705.05 98.52 820 44881
1705.05 98.525 821 44882
1705.06 98.53 822 44883
1705.06 98.53 822 44884
1705.06 98.53 822 44885
1705.06 98.535 823 44886
1705.07 98.54 824 44887
1705.07 98.545 825 44888
1705.07 98.545 825 44889
1705.07 98.545 825 44890
1705.07 98.55 826 44891
1705.07 98.55 826 44892
1705.07 98.55 826 44893
1705.08 98.555 827 44894
1705.08 98.56 828 44895
1705.08 98.565 829 44896
1705.08 98.565 829 44897
1705.09 98.57 830 44898
1705.09 98.57 830 44899
1705.09 98.575 831 44900
1705.09 98.58 832 44901
1705.1 98.58 832 44902
1705.1 98.58 832 44903
1705.1 98.585 833 44904
1705.1 98.59 834 44905
1705.1 98.59 834 44906
1705.11 98.59 834 44907
1705.11 98.595 835 44908
1705.11 98.595 835 44909
1705.11 98.6 836 44910
1705.11 98.6 836 44911
1705.12 98.6 837 44912
1705.13 98.605 838 44913
1705.24 98.61 841 44914
1705.24 98.615 842 44915
1705.25 98.62 843 44916
1705.25 98.625 844 44917
1705.25 98.63 845 44918
1705.25 98.635 846 44919
1705.25 98.635 846 44920
1705.26 98.64 847 44921
1705.26 98.64 847 44922
1705.26 98.64 847 44923
1705.26 98.64 847 44924
1705.26 98.645 848 44925
1705.26 98.645 848 44926
1705.27 98.65 849 44927
1705.27 98.65 849 44928
1705.27 98.65 849 44929
1705.27 98.655 850 44930
1705.27 98.655 850 44931
1705.27 98.66 851 44932
1705.28 98.66 851 44933
1705.28 98.66 851 44934
1705.28 98.66 852 44935
1705.29 98.665 853 44936
1705.29 98.67 854 44937
1705.29 98.675 855 44938
1705.29 98.675 855 44939
1705.29 98.675 855 44940
1705.3 98.68 856 44941
1705.3 98.68 856 44942
1705.3 98.68 856 44943
1705.3 98.685 857 44944
1705.3 98.685 857 44945
1705.3 98.685 857 44946
1705.31 98.69 858 44947
1705.31 98.695 859 44948
1705.31 98.695 859 44949
1705.31 98.695 859 44950
1705.31 98.7 860 44951
1705.31 98.7 860 44952
1705.32 98.7 860 44953
1705.32 98.7 860 44954
1705.32 98.705 861 44955
1705.32 98.71 862 44956
1705.32 98.71 862 44957
1705.33 98.71 862 44958
1705.33 98.71 863 44959
1705.35 98.715 865 44960
1705.35 98.72 866 44961
1705.36 98.725 868 44962
1705.36 98.73 869 44963
1705.37 98.73 869 44964
1705.37 98.73 869 44965
1705.37 98.735 870 44966
1705.37 98.74 871 44967
1705.38 98.74 872 44968
1705.38 98.745 873 44969
1705.38 98.745 873 44970
1705.39 98.745 873 44971
1705.39 98.75 874 44972
1705.39 98.75 874 44973
1705.39 98.75 874 44974
1705.39 98.755 875 44975
1705.4 98.76 876 44976
1705.4 98.76 876 44977
1705.4 98.76 876 44978
1705.4 98.765 877 44979
1705.4 98.765 877 44980
1705.4 98.765 877 44981
1705.41 98.77 878 44982
1705.41 98.77 878 44983
1705.41 98.77 878 44984
1705.41 98.775 879 44985
1705.41 98.78 880 44986
1705.42 98.78 880 44987
1705.42 98.78 880 44988
1705.42 98.785 881 44989
1705.42 98.785 881 44990
1705.42 98.79 882 44991
1705.43 98.795 883 44992
1705.43 98.795 883 44993
1705.44 98.795 884 44994
1705.44 98.8 885 44995
1705.44 98.805 886 44996
1705.45 98.81 887 44997
1705.45 98.815 888 44998
1705.45 98.82 889 44999
1705.45 98.825 890 45000
1705.46 98.825 890 45001
1705.46 98.83 891 45002
1705.46 98.83 891 45003
1705.47 98.83 892 45004
1705.47 98.835 893 45005
1705.47 98.84 894 45006
1705.48 98.845 895 45007
1705.48 98.845 895 45008
1705.48 98.845 895 45009
1705.48 98.85 896 45010
1705.48 98.85 896 45011
1705.48 98.85 896 45012
1705.49 98.855 897 45013
1705.49 98.86 898 45014
1705.49 98.86 898 45015
1705.49 98.86 898 45016
1705.49 98.865 899 45017
1705.49 98.865 899 45018
1705.5 98.865 899 45019
1705.5 98.87 900 45020
1705.5 98.87 900 45021
1705.5 98.87 900 45022
1705.5 98.875 901 45023
1705.5 98.875 901 45024
1705.51 98.88 902 45025
1705.51 98.88 902 45026
1705.51 98.88 902 45027
1705.51 98.88 902 45028
1705.51 98.885 903 45029
1705.52 98.885 904 45030
1705.53 98.89 905 45031
1705.53 98.895 906 45032
1705.53 98.895 906 45033
1705.53 98.895 906 45034
1705.54 98.9 907 45035
1705.54 98.905 908 45036
1705.54 98.91 909 45037
1705.54 98.915 910 45038
1705.54 98.915 910 45039
1705.55 98.915 910 45040
1705.55 98.92 911 45041
1705.55 98.925 912 45042
1705.56 98.93 913 45043
1705.56 98.935 914 45044
1705.56 98.94 915 45045
1705.56 98.94 915 45046
1705.56 98.945 916 45047
1705.56 98.945 916 45048
1705.57 98.945 916 45049
1705.57 98.95 917 45050
1705.57 98.95 917 45051
1705.57 98.95 917 45052
1705.57 98.95 917 45053
1705.58 98.955 918 45054
1705.58 98.96 919 45055
1705.58 98.965 920 45056
1705.58 98.97 921 45057
1705.59 98.97 921 45058
1705.59 98.975 922 45059
1705.59 98.975 922 45060
1705.59 98.975 922 45061
1705.59 98.98 923 45062
1705.59 98.985 924 45063
1705.6 98.985 924 45064
1705.6 98.985 924 45065
1705.6 98.985 924 45066
1705.6 98.985 924 45067
1705.6 98.985 924 45068
1705.6 98.99 925 45069
1705.61 98.99 925 45070
1705.61 98.99 925 45071
1705.61 98.995 926 45072
1705.61 98.995 926 45073
1705.61 98.995 926 45074
1705.61 99 927 45075
1705.62 99 927 45076
1705.62 99.005 928 45077
1705.62 99.005 928 45078
1705.62 99.005 928 45079
1705.62 99.005 928 45080
1705.62 99.01 929 45081
1705.62 99.01 929 45082
1705.63 99.01 929 45083
1705.63 99.015 930 45084
1705.63 99.015 930 45085
1705.63 99.015 930 45086
1705.64 99.02 931 45087
1705.64 99.025 932 45088
1705.64 99.03 933 45089
1705.65 99.035 934 45090
1705.65 99.04 935 45091
1705.65 99.045 936 45092
1705.65 99.045 936 45093
1705.65 99.05 937 45094
1705.66 99.05 937 45095
1705.66 99.05 938 45096
1705.67 99.055 939 45097
1705.67 99.06 940 45098
1705.67 99.065 941 45099
1705.67 99.065 941 45100
1705.67 99.065 941 45101
1705.68 99.07 942 45102
1705.68 99.07 942 45103
1705.68 99.075 943 45104
1705.68 99.075 943 45105
1705.68 99.075 943 45106
1705.68 99.075 943 45107
1705.69 99.08 944 45108
1705.69 99.08 944 45109
1705.69 99.08 944 45110
1705.69 99.085 945 45111
1705.69 99.085 945 45112
1705.69 99.085 945 45113
1705.69 99.09 946 45114
1705.7 99.09 946 45115
1705.7 99.09 946 45116
1705.7 99.095 947 45117
1705.7 99.095 947 45118
1705.7 99.095 947 45119
1705.7 99.1 948 45120
1705.71 99.105 949 45121
1705.71 99.105 949 45122
1705.71 99.105 949 45123
1705.71 99.105 949 45124
1705.71 99.11 950 45125
1705.71 99.11 950 45126
1705.72 99.11 950 45127
1705.72 99.11 950 45128
1705.72 99.115 951 45129
1705.72 99.115 951 45130
1705.72 99.115 951 45131
1705.72 99.12 952 45132
1705.73 99.12 952 45133
1705.73 99.12 952 45134
1705.73 99.125 953 45135
1705.73 99.125 953 45136
1705.73 99.125 953 45137
1705.73 99.13 954 45138
1705.73 99.13 954 45139
1705.74 99.135 955 45140
1705.74 99.135 955 45141
1705.74 99.135 955 45142
1705.74 99.14 956 45143
1705.74 99.14 956 45144
1705.74 99.14 956 45145
1705.75 99.145 957 45146
1705.75 99.15 958 45147
1705.75 99.15 958 45148
1705.75 99.155 959 45149
1705.75 99.155 959 45150
1705.75 99.155 959 45151
1705.76 99.155 959 45152
1705.76 99.155 959 45153
1705.76 99.155 959 45154
1705.76 99.16 960 45155
1705.76 99.16 960 45156
1705.76 99.16 960 45157
1705.77 99.165 961 45158
1705.77 99.165 961 45159
1705.77 99.17 962 45160
1705.77 99.17 962 45161
1705.77 99.17 962 45162
1705.77 99.17 962 45163
1705.77 99.175 963 45164
1705.78 99.175 963 45165
1705.78 99.18 964 45166
1705.78 99.18 964 45167
1705.78 99.18 964 45168
1705.78 99.185 965 45169
1705.79 99.185 965 45170
1705.79 99.185 965 45171
1705.79 99.185 966 45172
1705.8 99.19 967 45173
1705.8 99.195 968 45174
1705.81 99.195 969 45175
1705.81 99.2 970 45176
1705.81 99.205 971 45177
1705.81 99.205 971 45178
1705.82 99.21 972 45179
1705.82 99.21 972 45180
1705.82 99.21 972 45181
1705.82 99.215 973 45182
1705.82 99.215 973 45183
1705.82 99.215 973 45184
1705.83 99.215 973 45185
1705.83 99.22 974 45186
1705.83 99.22 974 45187
1705.83 99.22 974 45188
1705.83 99.225 975 45189
1705.84 99.23 976 45190
1705.84 99.23 976 45191
1705.84 99.23 976 45192
1705.84 99.235 977 45193
1705.84 99.235 977 45194
1705.84 99.235 977 45195
1705.84 99.24 978 45196
1705.85 99.24 978 45197
1705.85 99.24 978 45198
1705.85 99.245 979 45199
1705.85 99.245 979 45200
1705.85 99.245 979 45201
1705.85 99.25 980 45202
1705.86 99.25 980 45203
1705.86 99.255 981 45204
1705.86 99.255 981 45205
1705.86 99.255 981 45206
1705.86 99.255 981 45207
1705.86 99.26 982 45208
1705.87 99.26 982 45209
1705.87 99.265 983 45210
1705.87 99.265 983 45211
1705.87 99.265 983 45212
1705.87 99.265 983 45213
1705.87 99.27 984 45214
1705.89 99.27 985 45215
1705.89 99.275 986 45216
1705.9 99.28 988 45217
1706.01 99.285 991 45218
1706.02 99.29 992 45219
1706.13 99.295 995 45220
1706.13 99.3 996 45221
1706.13 99.3 996 45222
1706.14 99.3 996 45223
1706.14 99.305 997 45224
1706.14 99.31 998 45225
1706.14 99.31 998 45226
1706.14 99.31 998 45227
1706.14 99.315 999 45228
1706.15 99.315 1000 45229
1706.16 99.32 1001 45230
1706.17 99.32 1002 45231
1706.17 99.325 1003 45232
1706.17 99.325 1003 45233
1706.17 99.325 1003 45234
1706.17 99.33 1004 45235
1706.17 99.33 1004 45236
1706.18 99.33 1004 45237
1706.18 99.335 1005 45238
1706.19 99.335 1006 45239
1706.19 99.34 1007 45240
1706.19 99.34 1007 45241
1706.19 99.34 1007 45242
1706.19 99.345 1008 45243
1706.2 99.35 1009 45244
1706.2 99.35 1009 45245
1706.2 99.35 1009 45246
1706.2 99.355 1010 45247
1706.2 99.355 1010 45248
1706.2 99.355 1010 45249
1706.21 99.355 1010 45250
1706.21 99.36 1011 45251
1706.21 99.365 1012 45252
1706.21 99.365 1012 45253
1706.21 99.365 1012 45254
1706.21 99.365 1012 45255
1706.21 99.365 1012 45256
1706.22 99.37 1013 45257
1706.22 99.37 1013 45258
1706.22 99.375 1014 45259
1706.22 99.375 1014 45260
1706.22 99.375 1014 45261
1706.23 99.38 1015 45262
1706.23 99.38 1015 45263
1706.23 99.385 1016 45264
1706.23 99.385 1016 45265
1706.24 99.385 1017 45266
1706.24 99.39 1018 45267
1706.24 99.395 1019 45268
1706.25 99.395 1019 45269
1706.25 99.395 1019 45270
1706.25 99.4 1020 45271
1706.25 99.4 1020 45272
1706.25 99.405 1021 45273
1706.25 99.405 1021 45274
1706.26 99.405 1021 45275
1706.26 99.41 1022 45276
1706.26 99.41 1022 45277
1706.26 99.415 1023 45278
1706.26 99.415 1023 45279
1706.26 99.415 1023 45280
1706.27 99.42 1024 45281
1706.27 99.42 1024 45282
1706.27 99.42 1024 45283
1706.27 99.42 1024 45284
1706.27 99.425 1025 45285
1706.27 99.43 1026 45286
1706.28 99.43 1026 45287
1706.28 99.435 1027 45288
1706.28 99.435 1027 45289
1706.28 99.435 1027 45290
1706.29 99.435 1028 45291
1706.29 99.44 1029 45292
1706.3 99.445 1030 45293
1706.3 99.45 1031 45294
1706.3 99.455 1032 45295
1706.3 99.46 1033 45296
1706.3 99.46 1033 45297
1706.31 99.465 1034 45298
1706.31 99.465 1034 45299
1706.31 99.47 1035 45300
1706.31 99.475 1036 45301
1706.31 99.475 1036 45302
1706.31 99.475 1036 45303
1706.32 99.475 1036 45304
1706.32 99.475 1036 45305
1706.32 99.475 1036 45306
1706.32 99.48 1037 45307
1706.32 99.48 1037 45308
1706.32 99.48 1037 45309
1706.33 99.48 1037 45310
1706.33 99.485 1038 45311
1706.33 99.485 1038 45312
1706.33 99.485 1038 45313
1706.33 99.49 1039 45314
1706.33 99.49 1039 45315
1706.33 99.49 1039 45316
1706.34 99.495 1040 45317
1706.35 99.495 1041 45318
1706.35 99.5 1042 45319
1706.35 99.505 1043 45320
1706.36 99.505 1044 45321
1706.36 99.51 1045 45322
1706.36 99.51 1045 45323
1706.37 99.51 1045 45324
1706.37 99.515 1046 45325
1706.37 99.52 1047 45326
1706.37 99.525 1048 45327
1706.38 99.525 1048 45328
1706.38 99.525 1048 45329
1706.38 99.53 1049 45330
1706.38 99.535 1050 45331
1706.38 99.535 1050 45332
1706.38 99.535 1050 45333
1706.39 99.535 1050 45334
1706.39 99.54 1051 45335
1706.39 99.54 1051 45336
1706.4 99.545 1052 45337
1706.4 99.55 1053 45338
1706.4 99.555 1054 45339
1706.51 99.555 1056 45340
1706.51 99.56 1057 45341
1706.51 99.565 1058 45342
1706.52 99.565 1058 45343
1706.52 99.565 1058 45344
1706.52 99.57 1059 45345
1706.52 99.57 1059 45346
1706.52 99.57 1059 45347
1706.54 99.575 1061 45348
1706.65 99.58 1064 45349
1706.65 99.585 1065 45350
1706.66 99.59 1066 45351
1706.66 99.595 1067 45352
1706.66 99.6 1068 45353
1706.66 99.605 1069 45354
1706.67 99.605 1069 45355
1706.67 99.605 1069 45356
1706.67 99.61 1070 45357
1706.67 99.615 1071 45358
1706.67 99.62 1072 45359
1706.68 99.62 1072 45360
1706.68 99.62 1072 45361
1706.68 99.625 1073 45362
1706.69 99.63 1074 45363
1706.69 99.635 1075 45364
1706.69 99.64 1076 45365
1706.7 99.645 1077 45366
1706.7 99.65 1078 45367
1706.7 99.655 1079 45368
1706.7 99.66 1080 45369
1706.71 99.66 1081 45370
1706.71 99.665 1082 45371
1706.72 99.665 1082 45372
1706.72 99.665 1082 45373
1706.72 99.67 1083 45374
1706.72 99.67 1083 45375
1706.72 99.67 1083 45376
1706.72 99.675 1084 45377
1706.73 99.675 1084 45378
1706.73 99.675 1084 45379
1706.73 99.68 1085 45380
1706.73 99.68 1085 45381
1706.73 99.68 1085 45382
1706.74 99.685 1086 45383
1706.74 99.69 1087 45384
1706.74 99.695 1088 45385
1706.74 99.695 1088 45386
1706.75 99.695 1088 45387
1706.75 99.7 1089 45388
1706.75 99.705 1090 45389
1706.75 99.71 1091 45390
1706.75 99.71 1091 45391
1706.76 99.71 1091 45392
1706.76 99.715 1092 45393
1706.76 99.72 1093 45394
1706.77 99.725 1094 45395
1706.77 99.73 1095 45396
1706.77 99.73 1095 45397
1706.77 99.73 1095 45398
1706.78 99.735 1096 45399
1706.78 99.74 1097 45400
1706.78 99.745 1098 45401
1706.78 99.745 1098 45402
1706.78 99.75 1099 45403
1706.78 99.75 1099 45404
1706.79 99.75 1099 45405
1706.79 99.75 1099 45406
1706.79 99.755 1100 45407
1706.79 99.76 1101 45408
1706.8 99.765 1102 45409
1706.8 99.77 1103 45410
1706.8 99.77 1103 45411
1706.8 99.77 1103 45412
1706.8 99.775 1104 45413
1706.81 99.78 1105 45414
1706.82 99.78 1106 45415
1706.82 99.785 1107 45416
1706.82 99.785 1107 45417
1706.82 99.785 1107 45418
1706.82 99.79 1108 45419
1706.82 99.79 1108 45420
1706.83 99.79 1108 45421
1706.83 99.795 1109 45422
1706.83 99.795 1109 45423
1706.83 99.8 1110 45424
1706.83 99.8 1110 45425
1706.83 99.8 1110 45426
1706.84 99.8 1110 45427
1706.84 99.805 1111 45428
1706.85 99.805 1112 45429
1706.85 99.81 1113 45430
1706.85 99.815 1114 45431
1706.86 99.82 1115 45432
1706.86 99.825 1116 45433
1706.86 99.825 1116 45434
1706.86 99.825 1116 45435
1706.86 99.83 1117 45436
1706.88 99.83 1118 45437
1706.88 99.835 1119 45438
1706.88 99.84 1120 45439
1706.88 99.84 1120 45440
1706.88 99.84 1120 45441
1706.89 99.845 1121 45442
1706.89 99.85 1122 45443
1706.89 99.855 1123 45444
1706.89 99.86 1124 45445
1706.89 99.86 1124 45446
1706.9 99.86 1124 45447
1706.9 99.865 1125 45448
1706.9 99.865 1125 45449
1706.9 99.865 1125 45450
1706.9 99.87 1126 45451
1706.9 99.87 1126 45452
1706.91 99.87 1126 45453
1706.91 99.875 1127 45454
1706.91 99.88 1128 45455
1706.93 99.885 1130 45456
1706.93 99.89 1131 45457
1706.93 99.89 1131 45458
1706.93 99.89 1131 45459
1706.93 99.895 1132 45460
1706.93 99.895 1132 45461
1706.94 99.895 1132 45462
1706.94 99.9 1133 45463
1706.94 99.9 1133 45464
1706.94 99.9 1133 45465
1706.94 99.905 1134 45466
1706.94 99.905 1134 45467
1706.95 99.91 1135 45468
1706.95 99.915 1136 45469
1706.95 99.915 1136 45470
1706.95 99.92 1137 45471
1706.95 99.92 1137 45472
1706.96 99.92 1137 45473
1706.96 99.92 1137 45474
1706.96 99.925 1138 45475
1706.96 99.93 1139 45476
1706.96 99.935 1140 45477
1706.96 99.935 1140 45478
1706.96 99.935 1140 45479
1706.97 99.935 1140 45480
1706.97 99.935 1140 45481
1706.97 99.935 1140 45482
1706.97 99.935 1141 45483
1706.97 99.94 1142 45484
1706.98 99.94 1142 45485
1706.98 99.94 1142 45486
1706.98 99.94 1142 45487
1706.98 99.94 1142 45488
1706.98 99.945 1143 45489
1706.98 99.945 1143 45490
1706.99 99.945 1143 45491
1706.99 99.95 1144 45492
1706.99 99.955 1145 45493
1707 99.96 1146 45494
1707 99.965 1147 45495
1707 99.97 1148 45496
1707.01 99.975 1149 45497
1707.01 99.98 1150 45498
1707.01 99.985 1151 45499
1707.02 99.99 1152 45500
1707.02 99.995 1153 45501
1707.03 100 1155 45502
