1682.46 95 3 45589
1682.47 95.005 4 45590
1682.48 95.005 5 45591
1682.48 95.01 6 45592
1682.48 95.015 7 45593
1682.48 95.015 7 45594
1682.49 95.015 7 45595
1682.49 95.015 7 45596
1682.49 95.015 7 45597
1682.49 95.015 7 45598
1682.5 95.015 8 45599
1682.5 95.02 9 45600
1682.5 95.02 9 45601
1682.51 95.02 10 45602
1682.61 95.02 11 45603
1682.61 95.025 12 45604
1682.62 95.03 13 45605
1682.62 95.03 13 45606
1682.63 95.035 14 45607
1682.63 95.04 15 45608
1682.63 95.04 15 45609
1682.64 95.045 16 45610
1682.64 95.05 17 45611
1682.64 95.05 17 45612
1682.64 95.05 17 45613
1682.65 95.055 18 45614
1682.65 95.06 19 45615
1682.65 95.06 19 45616
1682.66 95.065 20 45617
1682.66 95.07 21 45618
1682.66 95.075 22 45619
1682.66 95.075 22 45620
1682.66 95.075 22 45621
1682.67 95.075 23 45622
1682.68 95.08 24 45623
1682.68 95.085 25 45624
1682.68 95.085 25 45625
1682.68 95.085 25 45626
1682.69 95.085 26 45627
1682.9 95.09 30 45628
1682.91 95.095 31 45629
1682.91 95.1 32 45630
1682.92 95.1 33 45631
1682.93 95.105 34 45632
1682.93 95.11 35 45633
1682.93 95.11 35 45634
1683.14 95.11 38 45635
1683.14 95.115 39 45636
1683.14 95.12 40 45637
1683.14 95.12 40 45638
1683.16 95.12 41 45639
1683.16 95.125 42 45640
1683.16 95.13 43 45641
1683.17 95.135 44 45642
1683.17 95.14 45 45643
1683.17 95.14 45 45644
1683.17 95.14 45 45645
1683.38 95.14 48 45646
1683.38 95.145 49 45647
1683.38 95.145 49 45648
1683.39 95.145 49 45649
1683.39 95.15 50 45650
1683.39 95.15 50 45651
1683.4 95.15 50 45652
1683.4 95.155 51 45653
1683.4 95.155 51 45654
1683.41 95.16 52 45655
1683.41 95.16 52 45656
1683.41 95.165 53 45657
1683.41 95.17 54 45658
1683.41 95.17 54 45659
1683.41 95.17 54 45660
1683.42 95.17 54 45661
1683.42 95.17 55 45662
1683.42 95.175 56 45663
1683.43 95.175 56 45664
1683.43 95.175 56 45665
1683.43 95.175 57 45666
1683.44 95.18 58 45667
1683.44 95.18 58 45668
1683.44 95.18 58 45669
1683.44 95.18 58 45670
1683.45 95.18 59 45671
1683.45 95.185 60 45672
1683.45 95.185 60 45673
1683.46 95.185 60 45674
1683.56 95.185 62 45675
1683.57 95.19 63 45676
1683.57 95.195 64 45677
1683.57 95.2 65 45678
1683.58 95.2 65 45679
1683.58 95.205 66 45680
1683.58 95.205 66 45681
1683.58 95.205 66 45682
1683.58 95.205 66 45683
1683.58 95.205 66 45684
1683.59 95.205 67 45685
1683.59 95.21 68 45686
1683.59 95.21 68 45687
1683.6 95.21 68 45688
1683.6 95.21 69 45689
1683.6 95.215 70 45690
1683.6 95.215 70 45691
1683.61 95.215 70 45692
1683.61 95.215 70 45693
1683.61 95.22 71 45694
1683.61 95.22 71 45695
1683.61 95.22 71 45696
1683.62 95.22 71 45697
1683.62 95.22 71 45698
1683.62 95.22 72 45699
1683.62 95.225 73 45700
1683.63 95.225 73 45701
1683.63 95.225 73 45702
1683.63 95.225 74 45703
1683.64 95.23 75 45704
1683.64 95.23 75 45705
1683.64 95.23 75 45706
1683.65 95.23 76 45707
1683.65 95.235 77 45708
1683.65 95.235 77 45709
1683.65 95.235 77 45710
1683.65 95.235 77 45711
1683.66 95.235 77 45712
1683.66 95.235 78 45713
1683.66 95.24 79 45714
1683.67 95.24 79 45715
1683.67 95.245 80 45716
1683.68 95.245 80 45717
1683.68 95.25 81 45718
1683.68 95.25 81 45719
1683.69 95.25 81 45720
1683.69 95.255 82 45721
1683.69 95.255 82 45722
1683.69 95.26 83 45723
1683.7 95.26 83 45724
1683.7 95.265 84 45725
1683.7 95.265 84 45726
1683.71 95.27 85 45727
1683.71 95.27 85 45728
1683.71 95.27 85 45729
1683.71 95.27 85 45730
1683.71 95.27 86 45731
1683.72 95.27 86 45732
1683.72 95.27 86 45733
1683.72 95.275 87 45734
1683.72 95.28 88 45735
1683.73 95.28 88 45736
1683.73 95.28 88 45737
1683.74 95.285 89 45738
1683.74 95.29 90 45739
1683.74 95.295 91 45740
1683.75 95.295 91 45741
1683.75 95.3 92 45742
1683.86 95.305 95 45743
1683.87 95.31 96 45744
1683.87 95.315 97 45745
1683.87 95.315 97 45746
1683.88 95.315 98 45747
1683.88 95.32 99 45748
1683.89 95.32 99 45749
1683.89 95.325 100 45750
1683.89 95.325 100 45751
1683.89 95.325 100 45752
1683.89 95.325 100 45753
1683.9 95.325 101 45754
1683.9 95.33 102 45755
1683.91 95.33 102 45756
1683.91 95.33 103 45757
1683.91 95.335 104 45758
1683.92 95.335 104 45759
1683.92 95.335 104 45760
1683.92 95.34 105 45761
1683.93 95.345 106 45762
1683.94 95.35 108 45763
1683.94 95.355 109 45764
1683.95 95.355 109 45765
1683.95 95.36 110 45766
1683.95 95.36 110 45767
1683.95 95.365 111 45768
1683.96 95.365 111 45769
1683.97 95.365 112 45770
1683.97 95.37 113 45771
1683.97 95.375 114 45772
1683.98 95.375 114 45773
1683.98 95.38 115 45774
1683.98 95.38 115 45775
1683.98 95.385 116 45776
1684 95.385 117 45777
1684 95.39 118 45778
1684 95.39 118 45779
1684 95.39 118 45780
1684 95.395 119 45781
1684.01 95.395 119 45782
1684.01 95.4 120 45783
1684.02 95.405 121 45784
1684.02 95.405 121 45785
1684.02 95.405 121 45786
1684.02 95.405 121 45787
1684.02 95.41 122 45788
1684.02 95.41 122 45789
1684.03 95.41 122 45790
1684.03 95.41 123 45791
1684.04 95.415 124 45792
1684.04 95.42 125 45793
1684.05 95.425 126 45794
1684.05 95.425 126 45795
1684.06 95.43 127 45796
1684.06 95.435 128 45797
1684.06 95.435 128 45798
1684.06 95.44 129 45799
1684.07 95.44 129 45800
1684.07 95.445 130 45801
1684.07 95.445 130 45802
1684.08 95.45 131 45803
1684.08 95.45 131 45804
1684.08 95.45 131 45805
1684.09 95.455 132 45806
1684.09 95.46 133 45807
1684.1 95.465 134 45808
1684.1 95.47 135 45809
1684.1 95.47 135 45810
1684.1 95.47 135 45811
1684.1 95.47 135 45812
1684.11 95.475 136 45813
1684.11 95.48 137 45814
1684.11 95.48 137 45815
1684.11 95.48 137 45816
1684.12 95.48 137 45817
1684.13 95.485 139 45818
1684.14 95.49 141 45819
1684.14 95.495 142 45820
1684.15 95.495 142 45821
1684.15 95.5 143 45822
1684.16 95.505 144 45823
1684.16 95.51 145 45824
1684.16 95.515 146 45825
1684.17 95.52 147 45826
1684.17 95.52 147 45827
1684.17 95.525 148 45828
1684.18 95.53 149 45829
1684.19 95.53 150 45830
1684.19 95.535 151 45831
1684.19 95.535 151 45832
1684.2 95.54 152 45833
1684.2 95.545 153 45834
1684.2 95.55 154 45835
1684.21 95.555 155 45836
1684.21 95.555 155 45837
1684.21 95.56 156 45838
1684.22 95.56 156 45839
1684.22 95.565 157 45840
1684.22 95.565 157 45841
1684.23 95.57 158 45842
1684.23 95.575 159 45843
1684.24 95.58 160 45844
1684.24 95.585 161 45845
1684.25 95.59 163 45846
1684.26 95.595 164 45847
1684.26 95.6 165 45848
1684.26 95.605 166 45849
1684.26 95.605 166 45850
1684.27 95.61 167 45851
1684.27 95.615 168 45852
1684.27 95.615 168 45853
1684.28 95.615 168 45854
1684.38 95.615 170 45855
1684.39 95.62 171 45856
1684.39 95.625 172 45857
1684.39 95.63 173 45858
1684.4 95.63 173 45859
1684.4 95.635 174 45860
1684.4 95.64 175 45861
1684.4 95.645 176 45862
1684.41 95.645 176 45863
1684.41 95.645 176 45864
1684.41 95.645 176 45865
1684.41 95.65 177 45866
1684.41 95.65 177 45867
1684.42 95.65 177 45868
1684.42 95.655 178 45869
1684.42 95.655 178 45870
1684.43 95.66 179 45871
1684.43 95.665 180 45872
1684.43 95.665 180 45873
1684.43 95.665 180 45874
1684.45 95.67 182 45875
1684.45 95.675 183 45876
1684.45 95.675 183 45877
1684.46 95.68 184 45878
1684.46 95.68 184 45879
1684.46 95.685 185 45880
1684.46 95.69 186 45881
1684.46 95.69 186 45882
1684.47 95.69 186 45883
1684.47 95.69 186 45884
1684.47 95.69 186 45885
1684.47 95.69 187 45886
1684.47 95.695 188 45887
1684.47 95.695 188 45888
1684.48 95.695 188 45889
1684.48 95.695 188 45890
1684.48 95.695 189 45891
1684.49 95.7 190 45892
1684.49 95.7 190 45893
1684.49 95.7 190 45894
1684.5 95.705 191 45895
1684.51 95.71 193 45896
1684.72 95.715 197 45897
1684.73 95.72 198 45898
1684.73 95.725 199 45899
1684.73 95.73 200 45900
1684.75 95.735 202 45901
1684.75 95.74 203 45902
1684.76 95.745 204 45903
1684.76 95.75 205 45904
1684.76 95.75 205 45905
1684.76 95.755 206 45906
1684.76 95.755 206 45907
1684.87 95.755 208 45908
1684.88 95.76 209 45909
1684.88 95.765 210 45910
1684.88 95.765 210 45911
1684.88 95.77 211 45912
1684.88 95.77 211 45913
1684.89 95.77 211 45914
1684.89 95.77 211 45915
1684.89 95.775 212 45916
1684.89 95.775 212 45917
1684.9 95.78 213 45918
1684.9 95.78 213 45919
1684.9 95.785 214 45920
1684.9 95.785 214 45921
1684.91 95.79 215 45922
1684.91 95.79 215 45923
1684.91 95.79 215 45924
1684.91 95.79 215 45925
1684.91 95.795 216 45926
1684.92 95.795 216 45927
1684.92 95.8 217 45928
1684.92 95.805 218 45929
1684.92 95.805 218 45930
1684.93 95.805 218 45931
1684.93 95.81 219 45932
1684.93 95.81 219 45933
1684.93 95.815 220 45934
1684.95 95.82 222 45935
1684.95 95.825 223 45936
1684.95 95.83 224 45937
1685.07 95.835 227 45938
1685.08 95.84 229 45939
1685.09 95.845 230 45940
1685.09 95.85 231 45941
1685.09 95.855 232 45942
1685.09 95.86 233 45943
1685.1 95.86 233 45944
1685.1 95.86 233 45945
1685.1 95.86 233 45946
1685.1 95.865 234 45947
1685.1 95.865 234 45948
1685.11 95.865 234 45949
1685.11 95.87 235 45950
1685.11 95.87 235 45951
1685.11 95.87 235 45952
1685.12 95.875 236 45953
1685.12 95.88 237 45954
1685.74 95.885 245 45955
1686.25 95.89 252 45956
1686.25 95.895 253 45957
1686.37 95.9 256 45958
1686.37 95.905 257 45959
1686.48 95.91 260 45960
1686.48 95.915 261 45961
1686.49 95.92 262 45962
1686.49 95.925 263 45963
1686.49 95.93 264 45964
1686.5 95.935 265 45965
1686.5 95.94 266 45966
1686.5 95.945 267 45967
1686.51 95.95 268 45968
1686.51 95.955 269 45969
1686.51 95.96 270 45970
1686.52 95.965 271 45971
1686.52 95.97 272 45972
1686.52 95.975 273 45973
1686.53 95.98 274 45974
1686.53 95.985 275 45975
1686.53 95.99 276 45976
1686.54 95.995 277 45977
1686.54 96 278 45978
1686.54 96.005 279 45979
1686.55 96.01 280 45980
1686.55 96.015 281 45981
1686.55 96.02 282 45982
1686.56 96.025 283 45983
1686.56 96.03 284 45984
1686.56 96.035 285 45985
1686.57 96.04 286 45986
1686.98 96.045 292 45987
1686.98 96.05 293 45988
1686.99 96.055 294 45989
1686.99 96.06 295 45990
1686.99 96.065 296 45991
1687 96.07 297 45992
1687 96.075 298 45993
1687 96.08 299 45994
1687.01 96.085 300 45995
1687.01 96.09 301 45996
1687.01 96.095 302 45997
1687.02 96.1 303 45998
1687.02 96.105 304 45999
1687.02 96.11 305 46000
1687.03 96.115 306 46001
1687.03 96.12 307 46002
1687.03 96.125 308 46003
1687.04 96.13 309 46004
1689.25 96.135 333 46005
1689.25 96.14 334 46006
1689.25 96.145 335 46007
1689.25 96.15 336 46008
1689.26 96.155 337 46009
1689.26 96.16 338 46010
1689.26 96.165 339 46011
1689.26 96.17 340 46012
1689.26 96.175 341 46013
1689.26 96.18 342 46014
1689.27 96.185 343 46015
1689.27 96.19 344 46016
1689.27 96.195 345 46017
1689.27 96.2 346 46018
1689.27 96.205 347 46019
1689.27 96.21 348 46020
1689.28 96.215 349 46021
1689.28 96.22 350 46022
1689.28 96.225 351 46023
1689.28 96.23 352 46024
1689.28 96.235 353 46025
1689.28 96.24 354 46026
1689.29 96.245 355 46027
1689.29 96.25 356 46028
1689.29 96.255 357 46029
1689.29 96.26 358 46030
1689.29 96.265 359 46031
1689.3 96.27 360 46032
1689.3 96.275 361 46033
1689.3 96.28 362 46034
1689.3 96.285 363 46035
1689.3 96.29 364 46036
1689.3 96.295 365 46037
1689.31 96.3 366 46038
1689.31 96.305 367 46039
1689.31 96.31 368 46040
1689.31 96.315 369 46041
1689.31 96.32 370 46042
1689.31 96.325 371 46043
1689.32 96.33 372 46044
1689.32 96.335 373 46045
1689.32 96.34 374 46046
1689.32 96.345 375 46047
1689.32 96.35 376 46048
1689.32 96.355 377 46049
1689.33 96.36 378 46050
1689.33 96.365 379 46051
1689.33 96.37 380 46052
1689.33 96.375 381 46053
1689.33 96.38 382 46054
1689.34 96.385 383 46055
1689.34 96.39 384 46056
1689.34 96.395 385 46057
1689.34 96.4 386 46058
1689.34 96.405 387 46059
1689.34 96.41 388 46060
1689.35 96.415 389 46061
1689.35 96.42 390 46062
1689.35 96.425 391 46063
1689.35 96.43 392 46064
1689.35 96.435 393 46065
1689.35 96.44 394 46066
1689.36 96.445 395 46067
1689.36 96.45 396 46068
1689.36 96.455 397 46069
1689.36 96.46 398 46070
1689.36 96.465 399 46071
1689.37 96.47 400 46072
1689.37 96.475 401 46073
1689.37 96.48 402 46074
1689.37 96.485 403 46075
1689.37 96.49 404 46076
1689.37 96.495 405 46077
1689.38 96.5 406 46078
1689.38 96.505 407 46079
1689.38 96.51 408 46080
1689.38 96.515 409 46081
1689.38 96.52 410 46082
1689.38 96.525 411 46083
1689.39 96.53 412 46084
1689.39 96.535 413 46085
1689.39 96.54 414 46086
1689.39 96.545 415 46087
1689.39 96.55 416 46088
1689.4 96.555 417 46089
1689.4 96.56 418 46090
1689.4 96.565 419 46091
1689.4 96.57 420 46092
1689.4 96.575 421 46093
1689.4 96.58 422 46094
1689.41 96.585 423 46095
1689.41 96.59 424 46096
1689.41 96.595 425 46097
1689.41 96.6 426 46098
1689.41 96.605 427 46099
1689.41 96.61 428 46100
1689.42 96.615 429 46101
1689.42 96.62 430 46102
1689.42 96.625 431 46103
1689.42 96.63 432 46104
1689.42 96.635 433 46105
1689.42 96.64 434 46106
1689.43 96.645 435 46107
1689.43 96.65 436 46108
1689.43 96.655 437 46109
1689.43 96.66 438 46110
1689.43 96.665 439 46111
1689.44 96.67 440 46112
1689.44 96.675 441 46113
1689.44 96.68 442 46114
1689.44 96.685 443 46115
1689.44 96.69 444 46116
1689.44 96.695 445 46117
1689.45 96.7 446 46118
1689.45 96.705 447 46119
1689.45 96.71 448 46120
1689.45 96.715 449 46121
1689.45 96.72 450 46122
1689.45 96.725 451 46123
1689.46 96.73 452 46124
1689.46 96.735 453 46125
1689.46 96.74 454 46126
1689.46 96.745 455 46127
1689.46 96.75 456 46128
1689.47 96.755 457 46129
1689.47 96.76 458 46130
1689.47 96.765 459 46131
1689.47 96.77 460 46132
1689.47 96.775 461 46133
1689.47 96.78 462 46134
1689.48 96.785 463 46135
1689.48 96.79 464 46136
1689.48 96.795 465 46137
1689.48 96.8 466 46138
1689.48 96.805 467 46139
1689.48 96.81 468 46140
1689.49 96.815 469 46141
1689.49 96.82 470 46142
1689.49 96.825 471 46143
1689.49 96.83 472 46144
1689.49 96.835 473 46145
1689.5 96.84 474 46146
1689.5 96.845 475 46147
1689.5 96.85 476 46148
1689.5 96.855 477 46149
1689.5 96.86 478 46150
1689.5 96.865 479 46151
1689.51 96.87 480 46152
1689.51 96.875 481 46153
1689.51 96.88 482 46154
1689.51 96.885 483 46155
1689.51 96.89 484 46156
1689.51 96.895 485 46157
1689.52 96.9 486 46158
1689.52 96.905 487 46159
1689.52 96.91 488 46160
1689.52 96.915 489 46161
1689.52 96.92 490 46162
1689.53 96.925 491 46163
1689.53 96.93 492 46164
1689.53 96.935 493 46165
1689.53 96.94 494 46166
1689.53 96.945 495 46167
1689.53 96.95 496 46168
1689.54 96.955 497 46169
1689.54 96.96 498 46170
1689.54 96.965 499 46171
1689.54 96.97 500 46172
1689.54 96.975 501 46173
1689.54 96.98 502 46174
1689.55 96.985 503 46175
1689.55 96.99 504 46176
1689.55 96.995 505 46177
1689.55 97 506 46178
1689.55 97.005 507 46179
1689.55 97.01 508 46180
1689.56 97.015 509 46181
1689.56 97.02 510 46182
1689.56 97.025 511 46183
1689.56 97.03 512 46184
1689.56 97.035 513 46185
1689.57 97.04 514 46186
1689.57 97.045 515 46187
1689.57 97.05 516 46188
1689.57 97.055 517 46189
1689.57 97.06 518 46190
1689.57 97.065 519 46191
1689.58 97.07 520 46192
1689.58 97.075 521 46193
1689.58 97.08 522 46194
1689.58 97.085 523 46195
1689.58 97.09 524 46196
1689.58 97.095 525 46197
1689.59 97.1 526 46198
1689.59 97.105 527 46199
1689.59 97.11 528 46200
1689.59 97.115 529 46201
1689.59 97.12 530 46202
1689.6 97.125 531 46203
1689.6 97.13 532 46204
1689.6 97.135 533 46205
1689.6 97.14 534 46206
1689.6 97.145 535 46207
1689.6 97.15 536 46208
1689.61 97.155 537 46209
1689.61 97.16 538 46210
1689.61 97.165 539 46211
1689.61 97.17 540 46212
1689.61 97.175 541 46213
1689.61 97.18 542 46214
1689.62 97.185 543 46215
1689.62 97.19 544 46216
1689.62 97.195 545 46217
1689.62 97.2 546 46218
1689.62 97.205 547 46219
1689.62 97.21 548 46220
1689.63 97.215 549 46221
1689.63 97.22 550 46222
1689.63 97.225 551 46223
1689.63 97.23 552 46224
1689.63 97.235 553 46225
1689.64 97.24 554 46226
1689.64 97.245 555 46227
1689.64 97.25 556 46228
1689.64 97.255 557 46229
1689.64 97.26 558 46230
1689.64 97.265 559 46231
1689.65 97.27 560 46232
1689.65 97.275 561 46233
1689.65 97.28 562 46234
1689.65 97.285 563 46235
1689.65 97.29 564 46236
1689.65 97.295 565 46237
1689.66 97.3 566 46238
1689.66 97.305 567 46239
1689.66 97.31 568 46240
1689.66 97.315 569 46241
1689.66 97.32 570 46242
1689.67 97.325 571 46243
1689.67 97.33 572 46244
1689.67 97.335 573 46245
1689.67 97.34 574 46246
1689.67 97.345 575 46247
1689.67 97.35 576 46248
1689.68 97.355 577 46249
1689.68 97.36 578 46250
1689.68 97.365 579 46251
1689.68 97.37 580 46252
1689.68 97.375 581 46253
1689.68 97.38 582 46254
1689.69 97.385 583 46255
1689.69 97.39 584 46256
1689.69 97.395 585 46257
1689.69 97.4 586 46258
1689.69 97.405 587 46259
1689.69 97.41 588 46260
1689.7 97.415 589 46261
1689.7 97.42 590 46262
1689.7 97.425 591 46263
1689.7 97.43 592 46264
1689.7 97.435 593 46265
1689.71 97.44 594 46266
1689.71 97.445 595 46267
1689.71 97.45 596 46268
1689.71 97.455 597 46269
1689.71 97.46 598 46270
1689.71 97.465 599 46271
1689.72 97.47 600 46272
1689.72 97.475 601 46273
1689.72 97.48 602 46274
1689.72 97.485 603 46275
1689.72 97.49 604 46276
1689.72 97.495 605 46277
1689.73 97.5 606 46278
1689.73 97.505 607 46279
1689.73 97.51 608 46280
1689.73 97.515 609 46281
1689.73 97.52 610 46282
1689.74 97.525 611 46283
1689.74 97.53 612 46284
1689.74 97.535 613 46285
1689.74 97.54 614 46286
1689.74 97.545 615 46287
1689.74 97.55 616 46288
1689.75 97.555 617 46289
1689.75 97.56 618 46290
1689.75 97.565 619 46291
1689.75 97.57 620 46292
1689.75 97.575 621 46293
1689.75 97.58 622 46294
1689.76 97.585 623 46295
1689.76 97.59 624 46296
1689.76 97.595 625 46297
1689.76 97.6 626 46298
1689.76 97.605 627 46299
1689.77 97.61 628 46300
1689.77 97.615 629 46301
1689.77 97.62 630 46302
1689.77 97.625 631 46303
1689.77 97.63 632 46304
1689.77 97.635 633 46305
1689.78 97.64 634 46306
1689.78 97.645 635 46307
1689.78 97.65 636 46308
1689.78 97.655 637 46309
1689.78 97.66 638 46310
1689.78 97.665 639 46311
1689.79 97.67 640 46312
1689.79 97.675 641 46313
1689.79 97.68 642 46314
1689.79 97.685 643 46315
1689.79 97.69 644 46316
1689.79 97.695 645 46317
1689.8 97.7 646 46318
1689.8 97.705 647 46319
1689.8 97.71 648 46320
1689.8 97.715 649 46321
1689.8 97.72 650 46322
1689.81 97.725 651 46323
1689.81 97.73 652 46324
1689.81 97.735 653 46325
1689.81 97.74 654 46326
1689.81 97.745 655 46327
1689.81 97.75 656 46328
1689.82 97.755 657 46329
1689.82 97.76 658 46330
1689.82 97.765 659 46331
1689.82 97.77 660 46332
1689.82 97.775 661 46333
1689.82 97.78 662 46334
1689.83 97.785 663 46335
1689.83 97.79 664 46336
1689.83 97.795 665 46337
1689.83 97.8 666 46338
1689.83 97.805 667 46339
1689.84 97.81 668 46340
1689.84 97.815 669 46341
1689.84 97.82 670 46342
1689.84 97.825 671 46343
1689.84 97.83 672 46344
1689.84 97.835 673 46345
1689.85 97.84 674 46346
1689.85 97.845 675 46347
1689.85 97.85 676 46348
1689.85 97.855 677 46349
1689.85 97.86 678 46350
1689.85 97.865 679 46351
1689.86 97.87 680 46352
1689.86 97.875 681 46353
1689.86 97.88 682 46354
1689.86 97.885 683 46355
1689.86 97.89 684 46356
1689.86 97.895 685 46357
1689.87 97.9 686 46358
1689.87 97.905 687 46359
1689.87 97.91 688 46360
1689.87 97.915 689 46361
1689.87 97.92 690 46362
1689.88 97.925 691 46363
1689.88 97.93 692 46364
1689.88 97.935 693 46365
1689.88 97.94 694 46366
1689.88 97.945 695 46367
1689.88 97.95 696 46368
1689.89 97.955 697 46369
1689.89 97.96 698 46370
1689.89 97.965 699 46371
1689.89 97.97 700 46372
1689.89 97.975 701 46373
1689.89 97.98 702 46374
1689.9 97.985 703 46375
1689.9 97.99 704 46376
1689.9 97.995 705 46377
1689.9 98 706 46378
1689.9 98.005 707 46379
1689.91 98.01 708 46380
1689.91 98.015 709 46381
1689.91 98.02 710 46382
1689.91 98.025 711 46383
1689.91 98.03 712 46384
1689.91 98.035 713 46385
1689.92 98.04 714 46386
1689.92 98.045 715 46387
1689.92 98.05 716 46388
1689.92 98.055 717 46389
1689.92 98.06 718 46390
1689.92 98.065 719 46391
1689.93 98.07 720 46392
1689.93 98.075 721 46393
1689.93 98.08 722 46394
1689.93 98.085 723 46395
1689.93 98.09 724 46396
1689.93 98.095 725 46397
1689.94 98.1 726 46398
1689.94 98.105 727 46399
1689.94 98.11 728 46400
1689.94 98.115 729 46401
1689.94 98.12 730 46402
1689.95 98.125 731 46403
1689.95 98.13 732 46404
1689.95 98.135 733 46405
1689.95 98.14 734 46406
1689.95 98.145 735 46407
1689.95 98.15 736 46408
1689.96 98.155 737 46409
1689.96 98.16 738 46410
1689.96 98.165 739 46411
1689.96 98.17 740 46412
1689.96 98.175 741 46413
1689.96 98.18 742 46414
1689.97 98.185 743 46415
1689.97 98.19 744 46416
1689.97 98.195 745 46417
1689.97 98.2 746 46418
1689.97 98.205 747 46419
1689.98 98.21 748 46420
1689.98 98.215 749 46421
1689.98 98.22 750 46422
1689.98 98.225 751 46423
1689.98 98.23 752 46424
1689.98 98.235 753 46425
1689.99 98.24 754 46426
1689.99 98.245 755 46427
1689.99 98.25 756 46428
1689.99 98.255 757 46429
1689.99 98.26 758 46430
1689.99 98.265 759 46431
1690 98.27 760 46432
1690 98.275 761 46433
1690 98.28 762 46434
1690 98.285 763 46435
1690 98.29 764 46436
1690 98.295 765 46437
1690.01 98.3 766 46438
1690.01 98.305 767 46439
1690.01 98.31 768 46440
1690.01 98.315 769 46441
1690.01 98.32 770 46442
1690.02 98.325 771 46443
1690.02 98.33 772 46444
1690.02 98.335 773 46445
1690.02 98.34 774 46446
1690.02 98.345 775 46447
1690.02 98.35 776 46448
1690.03 98.355 777 46449
1690.03 98.36 778 46450
1690.03 98.365 779 46451
1690.03 98.37 780 46452
1690.03 98.375 781 46453
1690.03 98.38 782 46454
1690.04 98.385 783 46455
1690.04 98.39 784 46456
1690.04 98.395 785 46457
1690.04 98.4 786 46458
1690.04 98.405 787 46459
1690.05 98.41 788 46460
1690.05 98.415 789 46461
1690.05 98.42 790 46462
1690.05 98.425 791 46463
1690.05 98.43 792 46464
1690.05 98.435 793 46465
1690.06 98.44 794 46466
1690.06 98.445 795 46467
1690.06 98.45 796 46468
1690.06 98.455 797 46469
1690.06 98.46 798 46470
1690.06 98.465 799 46471
1690.07 98.47 800 46472
1690.07 98.475 801 46473
1690.07 98.48 802 46474
1690.07 98.485 803 46475
1690.07 98.49 804 46476
1690.07 98.495 805 46477
1690.08 98.5 806 46478
1690.08 98.505 807 46479
1690.08 98.51 808 46480
1690.08 98.515 809 46481
1690.08 98.52 810 46482
1690.09 98.525 811 46483
1690.09 98.53 812 46484
1690.09 98.535 813 46485
1690.09 98.54 814 46486
1690.09 98.545 815 46487
1690.09 98.55 816 46488
1690.1 98.555 817 46489
1690.1 98.56 818 46490
1690.1 98.565 819 46491
1690.1 98.57 820 46492
1690.1 98.575 821 46493
1690.1 98.58 822 46494
1690.11 98.585 823 46495
1690.11 98.59 824 46496
1690.11 98.595 825 46497
1690.11 98.6 826 46498
1690.11 98.605 827 46499
1690.11 98.61 828 46500
1690.12 98.615 829 46501
1690.12 98.62 830 46502
1690.12 98.625 831 46503
1690.12 98.63 832 46504
1690.12 98.635 833 46505
1690.13 98.64 834 46506
1690.13 98.645 835 46507
1690.13 98.65 836 46508
1690.13 98.655 837 46509
1690.13 98.66 838 46510
1690.13 98.665 839 46511
1690.14 98.67 840 46512
1690.14 98.675 841 46513
1690.14 98.68 842 46514
1690.14 98.685 843 46515
1690.14 98.69 844 46516
1690.14 98.695 845 46517
1690.15 98.7 846 46518
1690.15 98.705 847 46519
1690.15 98.71 848 46520
1690.15 98.715 849 46521
1690.15 98.72 850 46522
1690.16 98.725 851 46523
1690.16 98.73 852 46524
1690.16 98.735 853 46525
1690.16 98.74 854 46526
1690.16 98.745 855 46527
1690.16 98.75 856 46528
1690.17 98.755 857 46529
1690.17 98.76 858 46530
1690.17 98.765 859 46531
1690.17 98.77 860 46532
1690.17 98.775 861 46533
1690.17 98.78 862 46534
1690.18 98.785 863 46535
1690.18 98.79 864 46536
1690.18 98.795 865 46537
1690.18 98.8 866 46538
1690.18 98.805 867 46539
1690.19 98.81 868 46540
1690.19 98.815 869 46541
1690.19 98.82 870 46542
1690.19 98.825 871 46543
1690.19 98.83 872 46544
1690.19 98.835 873 46545
1690.2 98.84 874 46546
1690.2 98.845 875 46547
1690.2 98.85 876 46548
1690.2 98.855 877 46549
1690.2 98.86 878 46550
1690.2 98.865 879 46551
1690.21 98.87 880 46552
1690.21 98.875 881 46553
1690.21 98.88 882 46554
1690.21 98.885 883 46555
1690.21 98.89 884 46556
1690.21 98.895 885 46557
1690.22 98.9 886 46558
1690.22 98.905 887 46559
1690.22 98.91 888 46560
1690.22 98.915 889 46561
1690.22 98.92 890 46562
1690.23 98.925 891 46563
1690.23 98.93 892 46564
1690.23 98.935 893 46565
1690.23 98.94 894 46566
1690.23 98.945 895 46567
1690.23 98.95 896 46568
1690.24 98.955 897 46569
1690.24 98.96 898 46570
1690.24 98.965 899 46571
1690.24 98.97 900 46572
1690.24 98.975 901 46573
1690.24 98.98 902 46574
1690.25 98.985 903 46575
1690.25 98.99 904 46576
1690.25 98.995 905 46577
1690.25 99 906 46578
1690.25 99.005 907 46579
1690.25 99.01 908 46580
1690.26 99.015 909 46581
1690.26 99.02 910 46582
1690.26 99.025 911 46583
1690.26 99.03 912 46584
1690.26 99.035 913 46585
1690.27 99.04 914 46586
1690.27 99.045 915 46587
1690.27 99.05 916 46588
1690.27 99.055 917 46589
1690.27 99.06 918 46590
1690.27 99.065 919 46591
1690.28 99.07 920 46592
1690.28 99.075 921 46593
1690.28 99.08 922 46594
1690.28 99.085 923 46595
1690.28 99.09 924 46596
1690.28 99.095 925 46597
1690.29 99.1 926 46598
1690.29 99.105 927 46599
1690.29 99.11 928 46600
1690.29 99.115 929 46601
1690.29 99.12 930 46602
1690.3 99.125 931 46603
1690.3 99.13 932 46604
1690.3 99.135 933 46605
1690.3 99.14 934 46606
1690.3 99.145 935 46607
1690.3 99.15 936 46608
1690.31 99.155 937 46609
1690.31 99.16 938 46610
1690.31 99.165 939 46611
1690.31 99.17 940 46612
1690.31 99.175 941 46613
1690.31 99.18 942 46614
1690.32 99.185 943 46615
1690.32 99.19 944 46616
1690.32 99.195 945 46617
1690.32 99.2 946 46618
1690.32 99.205 947 46619
1690.32 99.21 948 46620
1690.33 99.215 949 46621
1690.33 99.22 950 46622
1690.33 99.225 951 46623
1690.33 99.23 952 46624
1690.33 99.235 953 46625
1690.34 99.24 954 46626
1690.34 99.245 955 46627
1690.34 99.25 956 46628
1690.34 99.255 957 46629
1690.34 99.26 958 46630
1690.34 99.265 959 46631
1690.35 99.27 960 46632
1690.35 99.275 961 46633
1690.35 99.28 962 46634
1690.35 99.285 963 46635
1690.35 99.29 964 46636
1690.35 99.295 965 46637
1690.36 99.3 966 46638
1690.36 99.305 967 46639
1690.36 99.31 968 46640
1690.36 99.315 969 46641
1690.36 99.32 970 46642
1690.36 99.325 971 46643
1690.37 99.33 972 46644
1690.37 99.335 973 46645
1690.37 99.34 974 46646
1690.37 99.345 975 46647
1690.37 99.35 976 46648
1690.38 99.355 977 46649
1690.38 99.36 978 46650
1690.38 99.365 979 46651
1690.38 99.37 980 46652
1690.38 99.375 981 46653
1690.38 99.38 982 46654
1690.39 99.385 983 46655
1690.39 99.39 984 46656
1690.39 99.395 985 46657
1690.39 99.4 986 46658
1690.39 99.405 987 46659
1690.39 99.41 988 46660
1690.4 99.415 989 46661
1690.4 99.42 990 46662
1690.4 99.425 991 46663
1690.4 99.43 992 46664
1690.4 99.435 993 46665
1690.41 99.44 994 46666
1690.41 99.445 995 46667
1690.41 99.45 996 46668
1690.41 99.455 997 46669
1690.41 99.46 998 46670
1690.41 99.465 999 46671
1690.42 99.47 1000 46672
1690.42 99.475 1001 46673
1690.42 99.48 1002 46674
1690.42 99.485 1003 46675
1690.42 99.49 1004 46676
1690.42 99.495 1005 46677
1690.43 99.5 1006 46678
1690.43 99.505 1007 46679
1690.43 99.51 1008 46680
1690.43 99.515 1009 46681
1690.43 99.52 1010 46682
1690.44 99.525 1011 46683
1690.44 99.53 1012 46684
1690.44 99.535 1013 46685
1690.44 99.54 1014 46686
1690.44 99.545 1015 46687
1690.44 99.55 1016 46688
1690.45 99.555 1017 46689
1690.45 99.56 1018 46690
1690.45 99.565 1019 46691
1690.45 99.57 1020 46692
1690.45 99.575 1021 46693
1690.45 99.58 1022 46694
1690.46 99.585 1023 46695
1690.46 99.59 1024 46696
1690.46 99.595 1025 46697
1690.46 99.6 1026 46698
1690.46 99.605 1027 46699
1690.46 99.61 1028 46700
1690.47 99.615 1029 46701
1690.47 99.62 1030 46702
1690.47 99.625 1031 46703
1690.47 99.63 1032 46704
1690.47 99.635 1033 46705
1690.48 99.64 1034 46706
1690.48 99.645 1035 46707
1690.48 99.65 1036 46708
1690.48 99.655 1037 46709
1690.48 99.66 1038 46710
1690.48 99.665 1039 46711
1690.49 99.67 1040 46712
1690.49 99.675 1041 46713
1690.49 99.68 1042 46714
1690.49 99.685 1043 46715
1690.49 99.69 1044 46716
1690.49 99.695 1045 46717
1690.5 99.7 1046 46718
1690.5 99.705 1047 46719
1690.5 99.71 1048 46720
1690.5 99.715 1049 46721
1690.5 99.72 1050 46722
1690.51 99.725 1051 46723
1690.51 99.73 1052 46724
1690.51 99.735 1053 46725
1690.51 99.74 1054 46726
1690.51 99.745 1055 46727
1690.51 99.75 1056 46728
1690.52 99.755 1057 46729
1690.52 99.76 1058 46730
1690.52 99.765 1059 46731
1690.52 99.77 1060 46732
1690.52 99.775 1061 46733
1690.52 99.78 1062 46734
1690.53 99.785 1063 46735
1690.53 99.79 1064 46736
1690.53 99.795 1065 46737
1690.53 99.8 1066 46738
1690.53 99.805 1067 46739
1690.54 99.81 1068 46740
1690.54 99.815 1069 46741
1690.54 99.82 1070 46742
1690.54 99.825 1071 46743
1690.54 99.83 1072 46744
1690.54 99.835 1073 46745
1690.55 99.84 1074 46746
1690.55 99.845 1075 46747
1690.55 99.85 1076 46748
1690.55 99.855 1077 46749
1690.55 99.86 1078 46750
1690.55 99.865 1079 46751
1690.56 99.87 1080 46752
1690.56 99.875 1081 46753
1690.56 99.88 1082 46754
1690.56 99.885 1083 46755
1690.56 99.89 1084 46756
1690.56 99.895 1085 46757
1690.57 99.9 1086 46758
1690.57 99.905 1087 46759
1690.57 99.91 1088 46760
1690.57 99.915 1089 46761
1690.57 99.92 1090 46762
1690.58 99.925 1091 46763
1690.58 99.93 1092 46764
1690.58 99.935 1093 46765
1690.58 99.94 1094 46766
1690.58 99.945 1095 46767
1690.58 99.95 1096 46768
1690.59 99.955 1097 46769
1690.59 99.96 1098 46770
1690.59 99.965 1099 46771
1690.59 99.97 1100 46772
1690.59 99.975 1101 46773
1690.59 99.98 1102 46774
1690.6 99.985 1103 46775
1690.6 99.99 1104 46776
1690.6 99.995 1105 46777
1690.6 100 1106 46778
