4.1282	49
1.14774	24
4.10803	52
0.108037	13
0.112356	15
0.11077	13
0.107266	14
4.11262	40
0.117562	14
0.116079	17
5.12036	53
0.118089	16
0.169002	16
1.07778	18
0.0814461	16
6.16118	64
0.162112	18
1.12027	30
0.123371	14
10.1492	80
3.16074	38
2.15067	30
0.152259	17
0.142919	15
2.07513	18
0.125054	14
0.125844	16
5.10362	48
0.154364	16
4.20427	36
0.194528	16
1.10908	18
0.108029	16
0.11055	14
0.103191	17
0.101411	15
0.102728	16
0.102213	16
0.104625	16
0.208075	15
0.159757	17
0.103787	16
0.108504	17
0.112922	15
0.111048	17
0.111911	17
10.1798	110
5.19453	68
1.12649	26
1.12357	25
0.0996851	16
0.103296	17
0.103229	18
3.16237	52
7.05652	85
0.0587196	16
0.061548	18
0.076061	16
5.11471	59
0.116543	17
0.113313	18
0.111584	18
0.113279	18
1.10739	31
0.152807	18
0.154545	17
12.198	160
25.0841	173
0.0862716	13
0.0872106	13
0.0346806	16
0.0340211	9
1.73704	15
9.12552	64
0.0745983	15
0.0686286	12
0.0738756	14
0.0733975	17
0.074503	17
0.120851	14
0.068616	16
0.0706713	12
0.116647	17
8.15271	51
1.14705	17
0.150941	14
0.0959839	14
0.134489	12
3.09435	31
0.0931075	14
1.18024	18
0.176757	16
19.1805	210
0.176964	17
0.176501	16
5.12436	60
5.81845	32
0.143257	18
5.12161	74
0.116862	18
0.117817	17
0.116568	15
0.0650509	18
0.0648657	17
0.0661026	16
0.0681078	14
0.0612831	18
0.0605646	17
0.0607215	16
0.0620477	17
0.11233	18
0.0589058	17
0.0593313	15
0.0606266	14
0.058139	14
0.161096	16
6.92295	16
2.11028	35
0.114709	16
3.14786	46
0.146598	17
0.141485	16
0.144087	17
0.191715	17
21.1021	105
11.1086	77
0.111838	16
0.163582	16
3.77585	16
1.12161	16
0.123245	13
0.175229	16
0.122559	12
0.171209	14
0.11618	15
13.1805	82
7.17468	18
29.0615	354
0.0634436	18
0.0645703	16
0.114413	17
1.10399	30
7.17686	79
0.127824	17
0.132294	16
1.11849	30
0.119641	17
1.11011	21
0.108977	15
0.106998	18
23.1527	154
0.156477	14
0.15495	14
4.14164	25
6.1676	42
0.167877	16
5.12356	40
0.125548	16
0.1231	13
13.1469	66
0.113167	16
0.164007	17
1.17571	27
16.1562	201
0.103121	15
0.102663	17
0.10331	16
0.0985883	16
0.101948	16
0.156434	19
0.150511	16
0.149381	16
2.07598	37
0.0737646	17
0.075027	17
0.0757038	15
0.0737601	15
0.0709161	16
0.12277	18
0.127202	18
0.122418	18
1.09597	34
0.100638	16
0.100916	17
3.12436	53
0.118305	18
0.120399	17
0.119089	18
0.123895	19
0.122836	17
6.12522	78
0.0710358	17
0.0748005	17
0.0736494	18
0.0725241	18
0.076313	17
3.78335	18
0.0687354	17
0.0732146	16
0.0708228	12
0.067163	17
0.0698736	15
9.12857	74
0.13041	18
0.180321	17
0.122334	14
3.14939	36
0.149526	15
0.149113	16
0.149479	15
27.1234	157
0.117573	16
0.168603	15
0.127518	17
0.180071	17
0.124481	13
0.12615	18
0.116667	16
5.07619	52
9.12739	79
0.131012	13
5.11898	52
4.20518	45
2.11328	29
30.0747	321
0.072224	14
7.10265	15
6.07771	59
0.072807	10
0.123085	14
1.069	28
0.0693334	13
6.12006	31
30.0709	129
3.15076	58
30.1177	307
0.114399	18
0.115616	18
2.10004	50
0.101636	17
17.1094	158
28.1529	145
4.13059	25
3.432	15
14.1203	132
3.11323	47
0.111746	17
0.113106	17
0.117632	18
0.124295	18
0.122225	18
0.121098	18
3.97806	16
0.11974	18
20.1762	241
0.177952	16
0.180914	16
1.0634	29
6.12546	67
0.139473	17
1.12909	19
0.127352	18
0.0717794	15
0.0759949	17
0.0754694	18
0.0765185	16
0.0762244	19
0.0739644	16
0.0705793	17
1.10682	17
0.104977	15
0.107798	18
7.24598	65
2.23726	18
15.0534	60
31.1207	155
0.114865	15
1.10725	19
4.12503	51
9.13883	85
0.138871	15
11.1076	115
17.0902	208
0.0899228	19
0.0908878	18
0.139007	18
7.07411	96
0.0749481	18
0.0770111	17
5.07615	73
0.0787376	15
0.0783959	15
0.130268	16
0.0738017	14
0.0687147	13
0.0735146	15
0.0628732	15
1.11608	28
