10	3.09	6
15	33.1993	8
15	14.5272	9
15	21.91	9
15	26.48	9
15	35.06	8
15	4.66	9
20	28.3332	12
20	31.53	12
20	15.77	10
20	11.82	10
20	17.27	10
20	20.23	10
20	31.91	12
20	4.75273	10
20	42.22	11
20	6.29	10
20	16.74	10
25	36.47	11
25	8.23	10
25	36.23	13
25	17.5859	10
25	18.16	10
25	22.69	10
25	24.05	21
25	17.78	10
25	20.1309	10
25	25.39	17
25	24.14	22
30	23.92	15
30	34.67	13
30	23.53	21
30	30.2941	11
30	24.78	21
30	19.61	11
30	23.44	21
30	24.54	21
30	19.18	11
30	16.8319	15
30	23.84	21
35	29.59	10
35	25.53	22
35	24.56	21
35	25.23	22
35	24.58	22
35	24.41	21
35	22.18	11
35	24.47	22
35	33.44	9
35	18.63	10
40	39.5	22
40	25.12	19
40	22.38	9
40	22.4879	9
40	23.61	8
40	42.4126	19
45	21.63	7
45	27.07	7
45	24.39	7
45	22.11	7
50	37.97	8
50	24.74	9
50	39.73	13
50	39.34	9
50	39.93	8
50	23.44	9
50	49.51	3
55	39.37	11
55	35.13	8
60	39.83	8
60	49.02	3
60	27.3547	6
65	39.26	5
65	29.3059	9
65	30.09	9
65	29.82	10
65	31.3	9
70	39.32	7
70	39.77	15
70	24.6	14
70	25.11	11
70	29.88	14
75	39.68	8
75	39.98	9
75	39.38	9
75	23.55	18
75	26.09	12
75	26.54	17
75	32.32	16
75	40.51	9
75	28.59	16
75	28.41	14
75	31.35	14
75	23.79	13
80	39.66	8
80	39.71	9
80	30.57	14
80	26.31	17
80	39.76	9
80	22.65	19
80	24.26	14
80	22.89	18
80	25.4	19
85	16.5219	5
85	39.32	6
85	22.2856	16
85	23.13	20
85	23.26	18
85	24.13	18
85	24.49	19
90	27.11	16
90	29.01	17
90	27.28	19
90	28.42	21
95	31.12	19
95	27.21	19
95	39.49	3
100	39.29	10
100	32.34	20
100	13.46	20
105	39.93	10
105	36.67	9
105	14.69	17
105	14.65	17
105	35.4	11
105	35.99	10
105	33.543	8
105	13.01	19
105	13.49	16
105	40.26	9
110	13.81	18
110	39.51	11
110	19.94	17
110	18.75	17
110	32.94	10
110	14.41	17
110	13.58	18
110	16.89	18
110	13.81	18
110	38.02	10
110	34.5	14
115	17.68	19
115	14.57	20
115	31.9	9
115	39.31	13
115	39.62	12
115	11.92	8
115	16.01	19
115	14.13	20
115	34.71	9
115	14.73	19
115	14.17	20
120	34.94	10
120	39.43	10
120	14.7723	21
120	35.18	6
120	0.0629153	6
120	34.51	12
120	16.19	23
120	15.21	21
120	15.04	22
120	14.37	23
120	15.94	22
120	12.4875	21
120	33.08	6
125	15.19	23
125	16.54	22
125	16.38	21
125	6.2973	21
125	15.25	21
125	14.68	23
125	17.09	23
130	15.65	22
130	17.78	22
130	26.52	8
130	3.42941	6
130	21.29	6
130	44.6	6
130	15.11	22
130	17.29	22
130	16.69	22
130	9.29852	21
130	15.61	22
135	15.75	20
135	15.67	21
135	17.95	20
135	15.84	21
135	1.35229	9
135	4.89	9
135	14.27	9
135	6.24613	9
135	17.46	21
135	17.01	21
135	39.42	7
140	19.54	18
140	18.8	17
140	16.32	18
140	16.58	17
140	7.27	12
140	15.53	20
140	39.35	8
140	39.46	10
140	17.77	12
140	19.65	13
140	6.25	13
140	7.84065	12
140	8.26	13
140	41.68	9
140	17.68	20
140	40.31	10
140	4.80921	11
145	39.57	8
145	18.9218	14
145	20.89	16
145	22.2	17
145	18.91	15
145	22.37	18
145	7.65	15
145	19.46	14
145	39.68	8
145	13.68	15
145	8.23124	15
145	16.39	15
145	7.58	15
145	10.01	15
145	9.82	15
145	18.92	15
145	9.54	15
150	23.62	16
150	22.59	15
150	19.39	15
150	21.41	15
150	26.1875	13
150	11.56	15
150	14.33	15
150	9.11	15
150	21.251	15
150	29.1	6
150	14.75	15
150	18.3214	13
150	8.63	15
155	18.7	15
155	17.9399	15
155	1.26503	15
155	32.08	11
155	17.67	16
160	39.38	10
160	18.18	17
160	45.32	8
160	28.95	8
160	39.79	8
165	29.7	13
165	35.08	17
165	18.3144	16
165	46.53	8
165	29.05	16
170	39.2138	12
170	30.08	20
170	29.88	18
170	39.78	4
170	29.31	20
170	35.0982	4
175	31.73	19
175	31.11	19
175	29.38	19
175	28.76	19
180	31.9	19
180	31.55	20
180	30.17	18
180	30.03	19
180	25.504	3
185	35.4	16
185	35.29	20
185	35.69	12
190	37.48	7
190	38.24	8
195	39.27	23
195	25.27	24
195	36.93	10
195	36.39	10
200	32.88	13
200	25.67	21
200	25.05	23
200	36.21	13
200	33.03	13
205	30.98	11
205	26.07	19
205	35.89	12
205	25.88	21
205	24.23	19
205	24.39	18
205	26.26	18
205	29.8829	9
205	23.61	21
210	34.04	10
210	33.73	10
210	26.88	18
210	34.37	11
210	24.05	18
210	33.02	10
210	24.69	17
210	26.92	17
210	24.63	18
215	32.27	17
220	24.54	10
220	37.71	9
220	17.7036	8
220	36.47	12
225	29.11	16
225	40.55	8
225	21.83	15
230	22.87	16
230	22.35	17
230	34.76	12
230	34.75	9
230	35.2	8
230	23.48	16
230	21.59	18
235	37.1	6
235	36.29	6
235	27.3848	17
235	22.26	16
235	34.57	19
235	26.9	16
235	38.53	18
235	37.62	16
235	22.5894	16
235	35.02	17
235	34.25	7
235	23.06	15
240	25.97	16
240	39.03	22
240	38.43	20
240	36.14	21
240	24.18	16
240	21.29	16
240	18.8031	16
240	19.11	16
245	35.96	20
245	10.76	21
245	20.8	12
245	28.62	21
245	11.02	21
245	28.67	23
245	26.3047	20
245	22.74	12
245	22.97	13
245	17.8287	12
245	12.58	23
250	39.83	4
250	28.45	20
250	2.55	19
250	24.86	10
250	33.39	20
250	7.34	20
250	2.94	19
250	29.51	19
250	14.41	10
250	7.52	20
250	28.76	19
250	21.75	12
250	3.33	20
255	3.02	21
255	28.63	22
255	32.36	21
255	2.38	21
255	3.43	21
255	2.67	20
255	42.97	11
255	13.91	9
255	14.34	9
255	1.52678	20
255	28.94	21
255	34.79	11
255	15.76	8
255	3.16	21
255	29.02	20
255	2.58	21
260	29.176	19
260	39.26	15
260	0.95	20
260	39.95	15
260	31.22	19
260	0.33	19
260	15.44	6
260	35.69	15
260	2.59	19
260	0.01	18
260	14.1732	5
260	15.95	5
260	30.1	20
260	32.66	20
260	17.12	7
260	1.28	19
260	1.82	19
265	35.17	16
265	33.6	15
265	39.57	15
265	1.64512	16
265	32.0116	15
265	37.64	15
265	0	15
265	18.84	5
265	0.05	16
265	0	15
265	16.87	5
265	17.67	5
265	33.51	15
265	2.59333	16
265	0	15
270	39.4732	14
270	0.829821	12
270	0.647069	12
270	1.28	12
270	0.695176	12
270	1.59978	12
270	34.44	13
270	0.120007	12
275	12.83	11
275	1.29	9
275	2.49721	9
275	0.01	9
275	2.9488	9
275	48.86	9
275	38.55	13
275	1.68	9
275	2.00268	9
280	0.88	12
280	0.09	12
280	38.16	16
280	7.71	12
280	4.22	12
280	49.7912	9
280	38.39	16
280	15.76	12
280	33.04	16
280	0.37	12
280	38.07	16
280	0.609864	12
285	11.82	14
285	6.24	14
285	1.21	14
285	1.35	14
285	39.72	9
285	39.95	16
285	13.12	14
285	39.94	9
285	39.32	8
285	9.03421	14
285	5.83	14
285	39.58	10
285	37.33	16
285	0.7	14
285	1.74	14
285	38.01	16
285	31.88	16
285	1.99474	14
290	30.52	13
290	34.8	12
290	1.44	16
290	2.13	16
290	2.16	15
290	3.18	15
290	39.79	9
290	37.5978	9
290	1.43	16
290	15	16
290	7.11	16
290	40.22	10
290	33.62	13
290	2.17	16
290	3.02142	15
290	3.64944	15
295	2.65	17
295	3.88	17
295	3.29	17
295	4.75	17
295	2.31	17
295	39.88	11
295	39.7	10
295	3.66	17
295	2.86	17
295	4.67	17
295	5.22	17
300	4.3	18
300	4.79	18
300	3.53	18
300	7.96999	18
300	9.79	18
300	3.53	18
300	39.93	8
300	4.99	19
300	37.1055	8
300	3.57	18
300	28.76	8
300	6.12	18
300	2.83	18
300	6.97	18
305	4.31945	18
305	7.1146	18
305	5.07	18
305	14.52	18
305	16.24	18
305	39.45	10
305	5.5	18
305	3.73	18
305	28.94	7
305	3.86	18
305	29.94	8
305	45.21	10
305	44.58	9
305	6.59	18
305	5.02	18
305	7.64	18
305	4.18	18
305	8.65	18
310	10.9574	18
310	12.93	18
310	6.53	18
310	39.2	10
310	10.75	18
310	4.59	18
310	39.78	10
310	39.73	9
310	5.17	18
310	7.83	18
310	5.53974	18
310	4.65	19
310	39.28	9
310	38.4623	9
310	5.79	18
310	4.7	18
315	37.49	11
315	16.37	21
315	9.6	20
315	39.35	11
315	39.51	11
315	15.05	21
315	6.16	20
315	6.7	20
315	7.98	20
315	5.25	21
315	6.25514	19
315	5.63	21
315	5.78	21
320	39.76	11
320	15.55	19
320	5.35529	18
320	13.36	19
320	39.57	11
320	8.35	18
320	6.71569	8
320	33.92	9
320	9.43	19
320	6.64	18
320	8.55	18
320	7.08	18
320	6.29	19
325	35.43	7
325	35.29	6
325	33.6359	6
325	13.24	19
325	8.12	19
325	39.6339	7
325	9.33	20
325	8.37	19
325	9.95	19
325	38.15	8
325	6.52858	17
325	10.14	20
325	8.36	17
325	7.54	19
330	2.89839	17
330	7.87	18
330	8.25	18
330	9.65	18
330	14.1	20
330	9.83	19
330	8.98	17
335	39.52	10
335	39.45	8
335	13.73	20
335	9.69	19
335	18.91	21
335	12.96	20
335	10.6244	21
335	9.69	19
335	35.56	10
335	10.64	21
340	15.61	23
340	39.26	3
340	11.96	22
340	13.61	22
340	10.74	22
340	11.11	23
340	12.0052	20
340	11.52	20
340	42.15	12
340	10.58	22
345	39.45	12
345	13.9307	23
345	12.85	24
345	13.98	24
345	39.7	14
345	16.78	23
345	15.7313	22
345	38.483	3
345	13.34	24
345	13	24
345	13.21	24
345	11.96	24
350	39.66	12
350	36.94	11
350	13.32	24
350	39.8	12
350	15.9865	24
350	14.89	22
350	14.7699	23
350	13.24	23
350	16.11	24
350	25.51	11
350	14.43	23
350	14.2	24
355	16.92	22
355	20.57	27
355	18.3444	26
355	14.4	24
355	18.26	23
355	14.11	26
355	14.23	26
355	14.596	22
360	39.34	4
360	39.98	4
360	17.34	24
360	17.43	23
360	15.17	22
360	14.7369	22
360	16.1	24
360	18.41	24
360	24.75	5
365	18.22	21
365	18.32	20
365	16.78	23
365	16.18	22
365	18.92	23
365	25.18	7
365	17.44	19
365	17.21	19
370	19.77	18
370	39.75	5
370	39.81	6
370	18.7	19
370	39.65	6
370	39.1521	8
370	18.456	18
370	25.28	21
370	18.65	22
370	18.72	21
375	26.18	15
375	28.21	16
375	19.8	16
375	29.0722	7
375	21.89	15
375	22.64	14
375	26.01	8
380	23.63	13
380	25.4	12
380	24.44	11
380	34.23	5
380	26.54	11
385	39.8446	16
385	38.55	4
385	25.05	18
385	25.83	15
385	26.97	16
385	25.45	17
390	39.88	8
390	26.19	22
390	26.7	22
395	39.89	24
395	26.23	24
395	25.29	25
395	39.37	3
395	25.79	24
395	26.12	23
395	34.37	4
395	35.31	4
400	39.74	24
400	26.54	25
400	25.47	25
400	26.96	26
400	26.45	25
400	34.43	6
400	35.78	7
405	26.91	24
405	27.69	24
405	26.63	25
405	26.63	24
405	35.38	6
410	39.31	4
410	39.8	3
410	29.84	22
410	39.68	21
410	34.12	8
410	29.56	21
410	33.8097	7
415	30.29	17
415	29.63	17
415	27.79	22
415	27.92	19
415	33.5197	8
420	12.2996	5
420	39.25	6
420	39.96	6
420	31.29	19
420	32	13
420	35.86	11
420	32.29	11
420	42.7	13
425	39.25	6
425	35.33	13
425	30.4513	11
425	33.21	11
425	32.37	13
430	34.38	12
430	48.88	4
430	33.89	15
430	33.48	13
435	39.78	7
435	28.95	16
435	39.68	4
435	28.54	13
435	42.75	8
440	31.72	13
440	27.11	13
440	27.34	12
440	43.586	8
440	48.62	4
445	25.7578	14
445	39.27	11
445	39.59	11
445	30.35	15
445	29.4	14
445	27.78	16
445	28.38	15
445	43.32	10
445	45.1634	4
450	31.37	17
450	39.86	13
450	32.5	20
450	31.71	14
450	44.66	13
450	50.2	4
450	36.27	13
455	23.76	19
455	39.34	12
455	36.78	11
455	25.03	14
455	50.48	6
455	41.12	11
455	24.5	16
460	23.56	17
460	28.27	18
460	39.39	10
460	49.79	5
460	12.224	16
460	25.98	19
460	49.59	6
460	49.84	11
465	22.38	20
465	27.46	20
465	39.72	11
465	23.02	21
465	38.54	12
465	23.12	18
465	23.03	19
465	48.5204	4
465	49.28	11
470	26.33	20
470	23.1985	19
470	39.93	13
470	26.12	19
470	39.36	12
470	25.49	20
470	24.48	21
475	18.21	19
475	23.76	18
475	39.99	10
475	29.9	18
475	39.85	7
475	38.79	11
475	39.88	10
475	23.7447	18
475	41.41	8
475	9.96	21
475	41.0649	7
480	16.72	19
480	19.71	18
480	23.69	16
480	29.45	20
480	16.93	21
480	43.1	9
480	43.05	8
480	6.92	20
480	7.13	19
480	10.66	21
485	21.77	16
485	25.4	17
485	16.52	17
485	39.61	6
485	7.07316	15
485	39.4	8
485	16.52	16
485	1.27	16
485	1.58	16
485	55.63	6
485	40.98	9
485	4.58	17
490	39.65	8
490	19.14	16
490	39.64	8
490	24.09	17
490	0.702079	16
490	39.9	9
490	17.9	16
490	39.87	9
490	2.75	16
490	3.08	16
490	19.35	16
490	2.38	16
490	34.4	8
490	18.67	16
495	39.51	14
495	38.5562	10
495	39.79	11
495	23.54	17
495	2.22	16
495	34.32	15
495	0.04	16
495	17.1135	16
495	22.42	16
495	19.74	16
495	4.01	16
495	19.96	16
500	39.77	9
500	39.84	9
500	39.72	15
500	39.97	15
500	39.2394	8
500	47.98	16
500	48.41	14
500	26.238	15
500	40.98	8
500	0	15
500	33.88	15
500	33.9	15
500	0	15
500	21.36	16
500	21.81	15
500	0	15
500	24.95	15
500	29.43	15
505	39.5536	15
505	39.73	8
505	25.96	14
505	0	12
505	0	12
505	2.67496	12
505	46.99	15
505	0	12
505	26.6597	13
510	39.61	12
510	37.5797	6
510	39.6139	12
510	0.756386	9
510	0.330762	9
515	39.62	7
515	39.35	12
515	39.78	12
515	39.46	11
515	2.23688	7
515	42.65	7
515	2.89272	7
515	2.04793	7
520	39.47	14
520	39.68	13
520	39.6	12
520	18.93	10
520	4.16997	9
520	41.52	9
520	4.56	9
520	2.03606	9
520	39.03	9
520	15.06	9
525	39.75	11
525	5.46753	8
525	39.6639	9
525	39.59	11
525	15.98	10
525	19.44	10
525	5.77	10
525	39.93	15
525	5.75	10
525	5.89	10
525	5.2	10
530	39.51	16
530	30.15	14
530	8.41	11
530	7.04	11
530	9.11	11
530	7.09	12
530	34.61	12
530	7.47	12
530	12.45	12
530	6.81	11
530	6.62	11
535	32.27	11
535	39.55	13
535	10.27	14
535	18.03	14
535	33.18	10
535	8.68	14
535	8.72	14
535	7.87229	14
535	31.9315	9
535	31.75	13
535	31.04	14
535	8.32	14
535	31.45	13
535	8.34	14
535	8.15	14
540	34.35	11
540	8.8672	11
540	35.9	11
540	36.84	11
540	20.09	17
540	9.39	18
540	11.15	16
540	17.82	17
540	10.21	17
540	10.4	18
540	10.03	17
540	31.24	13
540	9.61	16
540	31.43	15
545	38.3711	8
545	17.1	20
545	23.44	21
545	38.62	10
545	39.77	10
545	13.68	20
545	12.53	20
545	13.552	19
545	11.25	21
545	36.62	11
545	11.15	21
550	39.42	8
550	20.87	21
550	21.84	21
550	39.4	6
550	17.89	21
550	22.01	21
555	21.19	23
555	22.137	21
555	22.2416	21
555	22.83	22
555	21.5241	22
560	34.9	21
560	22.98	24
560	23.92	21
560	38.92	7
560	36.59	24
560	39.2284	7
565	39.55	19
565	39.55	9
565	38.97	9
565	34.14	9
565	31.06	19
565	34.23	10
565	34.07	10
565	37.89	10
570	35.88	7
570	35.14	8
570	37.46	13
570	35.19	9
570	32.51	9
570	37.07	16
570	33.032	8
575	39.52	12
575	39.9	12
575	34.04	7
575	25.2	7
580	39.26	12
580	43.25	7
580	26.67	4
585	24.16	17
585	45.74	15
590	39.36	10
590	39.4972	10
590	39.47	9
590	39.37	10
590	25.11	25
590	25.64	21
590	25.23	24
590	24.73	24
595	39.25	9
595	39.52	9
595	39.63	9
595	4.88655	9
595	26.15	24
595	25.1	30
595	21.21	28
595	40.27	26
595	25.18	26
595	41.32	30
600	22.85	32
600	25.83	29
600	25.49	30
600	39.68	9
600	22.06	29
600	22.04	30
600	41.46	31
605	25.55	27
605	25.58	27
605	25.39	28
605	24.8	28
605	51.64	6
605	48.7244	5
610	25.55	24
610	26.29	25
610	25.14	24
610	50.95	6
610	25.56	25
610	36.09	25
615	26.33	22
615	27.68	21
615	26.25	22
615	26.37	21
615	49.24	6
615	47.36	7
620	30.74	19
620	28.58	19
620	28.09	19
620	47.87	6
620	34.57	9
620	31.9343	8
620	45.0719	6
625	33.73	16
625	32.36	16
625	36.72	12
625	36.31	15
625	32.35	13
630	35.39	21
630	31.71	21
630	26.8285	17
630	36.33	11
635	32.77	20
635	21.7145	19
635	27.44	21
635	34.9	22
635	8.6	20
635	27.87	22
635	38.75	10
635	39.7376	2
640	33.08	20
640	28.57	19
640	27.35	20
640	9.05	19
640	0.57	19
640	28.63	19
640	10.48	20
645	11.08	20
645	13.5491	17
645	30.14	19
645	0.36	20
645	0.474331	19
645	1.33039	17
645	10.69	20
645	14.63	20
645	0.1	19
650	0.09	19
650	4.19	19
650	1.66	19
650	2.42927	17
650	3.68006	16
650	2.09	18
650	1.76	19
650	1.29	19
655	11.36	18
655	2.42	17
655	3.03	17
655	39.3	8
655	2.78	17
655	3.7	16
655	5.06	16
655	3.42	16
655	3.22	17
655	3.15	17
655	8.29	17
655	41.25	8
660	3.61	19
660	4.23	19
660	4.19	18
660	4.08	18
660	39.84	9
660	0.22	17
660	5.14991	17
660	6.66	18
660	4.59286	17
660	37.26	9
660	4.18	17
660	4.77	20
660	0.51	17
660	3.86	18
665	0.92	21
665	1.24	21
665	0	20
665	1.68	20
665	3.76	20
665	6.6	20
665	8.28	23
665	6.15	20
665	4.2	22
665	2.75	22
665	2.15972	19
665	1.41	20
670	0.18	24
670	0.1	24
670	0.856353	23
670	3.5	22
670	5.85	25
670	39.63	6
670	4.24	22
670	8.33	25
670	7.63	24
670	37.41	7
670	49.35	5
670	7.33	23
670	0.13	25
670	0.03	24
670	1.89	25
670	50	6
670	2.87	23
675	3.44	25
675	4.04	25
675	0.44999	25
675	5.68079	25
675	39.32	5
675	0.15	27
675	0.2	28
675	0.501273	25
675	9.19	28
675	8.87	27
675	0.84	26
675	1.19	26
675	0.53	27
675	5.56	25
675	48.09	5
675	0.09	25
675	47.27	7
680	0.72	27
680	0.59	27
680	1.03	26
680	11.04	28
680	0.8	30
680	1.49	30
680	1.39	30
680	39.26	8
680	6.57742	26
680	2.12	28
680	2.81	28
680	1.87	29
680	7.19	28
680	1.55	26
685	3.28	29
685	2.13	30
685	2.46	29
685	2.29	33
685	39.95	9
685	2.57	32
685	2.69	32
685	39.78	9
685	11.94	31
685	0.75	31
685	1.1	30
685	0.55	31
685	8.65	32
690	4.8	31
690	5.84	30
690	0.65	34
690	0.68	34
690	39.71	11
690	1.32	33
690	39.51	10
690	0.87	33
690	39.64	11
690	0.99	34
690	2.15	32
690	2.72	31
690	1.73	32
690	4.66	31
695	8.71994	31
695	10.7	31
695	12.3	32
695	3	33
695	0.68	33
695	2.67	32
695	39.44	9
695	2.14	32
695	39.6078	8
695	2.05	33
695	40.42	8
695	3.5	31
695	4.47	30
695	3.15	32
695	53.86	2
695	6.29	32
700	14.84	30
700	11.16	29
700	3.84	29
700	3.32	30
700	2.28	31
700	39.99	6
700	4.21	28
700	4.14	28
700	4.53	29
700	4.97	28
700	5.87998	28
700	4.69	28
700	7.62	30
705	4.13	30
705	5.11	30
705	4.05	30
705	3.65	30
705	6.26	30
705	5.91	30
705	39.88	4
705	4.4	30
705	6.69	30
705	7.49	30
710	5.74	31
710	4.6	31
710	7.54	29
710	6.01	29
710	6.63	31
710	8.87999	29
710	4.32	32
710	39.41	9
710	6.75	29
710	8.41	30
710	9.03	31
710	7.76	29
715	39.81	12
715	7.93	28
715	7.75	28
715	12.33	28
715	2.57882	28
715	8.34	28
715	14.57	29
715	39.33	13
715	6.26	29
715	11.8383	28
715	5.23	29
715	11.1	28
715	9.77	29
715	9.27	29
720	12.18	28
720	10.5913	28
720	12.55	28
720	15.7	28
720	13.14	28
720	36.53	14
720	10.04	28
720	8.51	28
720	16.72	28
720	5.82	28
720	24.89	14
725	17.45	31
725	16.94	29
725	39.62	12
725	15.62	29
725	14.52	28
725	7.27	29
725	24.67	12
725	6.26	31
725	7.06	30
730	39.33	9
730	19.67	31
730	8.91	27
730	25.93	9
730	7.48	31
730	6.99	31
730	7.66	30
730	8.52	29
735	10.38	26
735	8.23	29
735	8.86	26
735	8.48	29
735	8.91	25
735	7.66	30
735	10.02	25
740	11.75	27
740	9.52	24
740	10.29	22
740	9.93	22
740	8.77	27
740	24.77	3
740	10.46	23
740	8.4	27
740	9.11	25
740	11.49	25
745	39.56	7
745	39.58	5
745	11.02	24
745	9.25	25
745	9.39	25
745	11.58	25
745	11.41	25
745	10.36	25
745	12.09	25
745	9.97	25
745	9.72487	24
750	39.88	11
750	39.69	9
750	12.58	25
750	10.74	25
750	10.96	25
750	12.89	25
750	11.88	25
750	10.31	25
750	12.13	25
750	10.5	25
755	36.23	8
755	34.5185	8
755	39.57	11
755	39.53	12
755	11.04	25
755	10.29	25
755	35.03	8
755	10.81	25
755	12.2899	25
755	12.5395	25
755	13.6393	25
755	9.03781	25
755	12.51	25
755	11.59	25
760	39.92	8
760	35.2926	8
760	11.76	24
760	11.12	25
760	13.22	23
760	12.12	23
760	35.37	8
760	12.26	23
760	13.92	24
760	13.96	25
760	13.59	24
760	12.87	23
765	39.36	8
765	13.71	21
765	12.44	21
765	18.13	22
765	11.72	22
765	15.15	20
765	30.43	7
765	11.34	23
765	13.78	21
765	16.7952	7
765	25.66	8
765	25.17	9
765	14.62	23
770	17.44	19
770	19.65	19
770	12.29	20
770	39.3707	8
770	17.74	18
770	12.55	19
770	11.54	19
770	12.7	18
770	25.83	7
775	13.47	15
775	14.65	14
775	35.378	11
775	21.69	17
775	14.7495	15
775	35.58	13
775	14.13	15
775	35.09	10
780	35.39	10
780	36.11	12
780	37.21	10
780	19.0199	11
780	19.9	14
780	17.84	13
780	38.38	12
780	42.41	8
780	15.66	15
785	39.62	12
785	38.94	10
785	35.5635	10
785	42.64	11
790	35.571	6
790	34.29	9
790	27.18	11
790	33.7194	8
790	26.38	14
795	39.15	7
795	39.39	16
795	39.73	3
795	37.58	17
795	34.6	7
795	26.33	16
795	26.56	17
800	36.11	6
800	36.05	6
800	34.7	6
800	27.3	24
800	42.64	25
800	26.44	24
805	39.26	6
805	39.57	27
805	39.4	27
805	27.78	27
805	27.25	27
805	27.59	26
810	39.51	7
810	39.95	7
810	27.11	26
810	37.16	25
810	37.86	26
810	27.76	27
810	40.3	5
810	23.4	25
815	25.42	21
815	26.83	22
815	27.74	21
815	28.24	22
815	25.67	22
820	30.07	19
820	39.86	8
820	30.29	17
820	45.07	8
820	34.93	6
825	39.96	11
825	36.66	14
825	42.31	12
825	35.41	9
825	42.89	11
825	36.66	8
825	36.55	9
830	39.65	11
830	39.58	10
830	38.9571	11
830	39.53	11
830	30.93	14
830	36.84	14
835	39.33	11
835	39.63	9
835	39.46	11
835	32.34	14
835	32.1126	13
835	28.81	15
840	29.2	19
840	42.29	8
840	29.86	15
840	29.6658	16
840	46.78	9
840	30.32	16
845	39.54	7
845	22.4373	19
845	27.52	21
845	33.03	21
845	27.98	23
845	31.91	20
845	44.44	8
845	45.27	7
845	34.0018	6
845	49.36	8
845	11.23	21
850	26.92	21
850	33.48	23
850	30.71	21
850	27.35	23
850	5.45	21
850	49.61	5
850	43.96	12
850	3.05	21
855	28.623	19
855	39.82	14
855	13.1	21
855	29.73	21
855	26.2348	19
855	27.51	22
855	26.75	21
855	8.42	21
855	2.28	19
855	4.46	18
855	7.31	21
860	28.65	20
860	7.82295	19
860	39.31	14
860	1.47	20
860	37.1	12
860	28.7	20
860	27.74	20
860	39.98	14
860	27.7	20
860	1.79	20
860	1.47	19
860	41.86	11
860	0	18
860	2.14	20
865	30.11	18
865	31.04	17
865	1.88	17
865	50.2392	4
865	29.8	18
865	29.4006	17
865	2.23	17
865	0.05	17
865	30.04	18
865	0	17
865	1.65	17
870	0.02	16
870	39.7	18
870	39.94	13
870	39.43	14
870	0	16
870	0	15
870	30.79	18
870	42.67	14
870	38.26	13
870	32.11	16
870	47.0134	5
870	38.09	14
870	0	14
870	0	15
870	50.57	5
875	0	15
875	39.25	16
875	0	15
875	1.03212	14
875	51.27	5
875	0	14
875	0.405203	15
880	14.56	17
880	0.9	16
880	6.13	15
880	36.58	9
880	10.11	16
880	1.21	15
880	1.96618	15
880	49.83	5
880	0	15
880	1.70878	15
885	5.68	17
885	8.16	17
885	0.49	16
885	1.45	17
885	2.48	16
885	0.4	16
885	0.02	16
885	56.19	13
885	47.69	5
885	2.96	16
885	4.37	16
885	27.1259	4
885	0.63987	16
890	36.94	15
890	0.5	19
890	0.53	19
890	0.56	19
890	0.63	19
890	0.21	19
890	0.38	19
890	1.36	19
890	5.33	19
890	0.54	19
890	37.02	15
890	36.6	14
890	0.07	19
890	5.61	19
890	56.14	14
890	1.84	19
890	2.33738	19
890	45.14	7
890	2.08	19
895	1.59	19
895	1.14	19
895	0.46	19
895	2.36	19
895	1.35	19
895	0.53	19
895	0.05	19
895	0.56	19
895	39.26	7
895	0.02	19
895	38.2591	13
895	0.0510782	19
895	7.01	19
895	0.87	19
895	39.56	8
895	0.44	19
895	3.96999	19
895	3.8397	19
900	0.22	20
900	0.15	21
900	0.46	21
900	0.97	20
900	0.39	20
900	0.07	20
900	0.68	21
900	2.01	20
900	1.35	21
900	39.88	11
900	1.07	20
900	0.74	21
900	34.1	12
900	1.67	21
900	5.45	20
900	5.5	20
905	1.52	23
905	1.92	23
905	1.38	23
905	0.81	23
905	2.63	23
905	0	22
905	37.58	12
905	35.34	13
905	0.7	23
905	0.39	23
905	36.15	12
905	0	22
905	3.53949	22
905	0.34	23
905	52.64	6
905	35.52	12
905	0.6	23
905	6.93	23
905	7.14	23
910	37.22	13
910	0.38	23
910	0.2	23
910	0.68	24
910	3.37	23
910	1.68	23
910	5.46849	23
910	39.3534	13
910	39.42	13
910	0.74	24
910	9.92	23
910	1.71	24
910	36.5046	13
910	3.11185	23
910	5.14	23
910	1.12	24
910	0.35	24
910	1.85	24
910	8.67	24
915	5.56	24
915	4.14	24
915	0.86	24
915	8.54	24
915	5.62698	24
915	11.42	24
915	3.25	24
915	15.4	24
915	0.47	24
915	39.72	13
915	9.69	24
915	41.02	13
915	40.62	12
915	6.57	24
915	0.25	24
915	1.69	24
915	1.1	24
920	38.3	11
920	39.26	12
920	11.21	25
920	1.1	26
920	14.0597	26
920	13.6	26
920	8.5	25
920	2.16	26
920	39.62	3
920	15.33	26
920	32.37	9
920	8.02	26
920	0.38	26
920	1.52	26
920	0.81	26
920	46.76	3
920	2.63	26
925	39.75	9
925	16.53	26
925	15.87	26
925	2.69	26
925	13.77	25
925	3.67	25
925	34.15	10
925	1.92	26
925	3.17	26
925	2.31	26
925	4.32	25
930	4.39	26
930	39.37	8
930	39.3529	9
930	5.64	24
930	3.11	26
930	35.64	8
930	16.2389	6
930	3.47	26
930	4.77	26
930	3.92	26
930	4.08376	24
935	6.24	22
935	36.6	11
935	0.137983	5
935	7.92482	21
935	35.69	11
935	4.44	24
935	4.88	24
935	6.18	21
935	5.39	23
935	30.94	5
935	7.32	21
935	3.96	25
940	13.95	23
940	5.93	22
940	34.5	10
940	29.97	11
940	6.61	21
940	7.84	20
940	6.8	19
940	4.89	24
940	8.95	23
940	5.38	23
945	12.34	19
945	7.6	19
945	36.05	9
945	9.58	20
945	8.16	19
945	6.17	20
945	5.58	23
945	6.36	19
945	6.98	19
950	9.27	22
950	6.85	23
950	9.73	22
950	9.69	23
950	7.67	22
950	7.19	23
950	6.21	24
950	7.84	22
950	1.01206	22
955	10.73	25
955	8.49	25
955	25.06	9
955	11.06	27
955	7	27
955	1.69959	24
955	8.52	24
955	7.97	25
955	9.22	24
955	7.44	25
955	9.8	25
960	8.42	28
960	8.31	28
960	8.61	28
960	10.4	27
960	10.06	26
960	9.26	26
960	10.7	28
960	9.05	26
960	11.28	28
965	8.68	29
965	24.15	15
965	9.84	28
965	9.1	28
965	11.27	28
965	10.2018	27
965	11.86	31
965	11.61	29
965	10.8	28
965	9.12	29
965	25.33	14
965	10.49	26
965	24.86	14
970	25.32	13
970	24.7	15
970	10.44	30
970	9.82	30
970	9.06	30
970	15	29
970	8.82	30
970	25.57	13
970	11.98	30
970	12.27	30
970	10.58	29
970	11.89	30
975	8.88	31
975	26.94	13
975	25.74	13
975	12.1499	28
975	10.67	29
975	5.38243	27
975	11.31	29
975	24.64	12
975	14.08	30
975	10.89	28
975	10.55	30
975	14.73	29
975	20.24	12
975	11.99	28
980	11.53	29
980	31.03	9
980	18.12	30
980	9.83821	26
980	15.4051	29
980	15.1	27
980	15.22	28
980	11.64	28
980	10.62	29
980	10.12	30
980	13.56	30
985	10.64	27
985	15.95	25
985	18.85	27
985	20.83	28
985	17.11	26
985	12.2326	25
985	11.41	27
985	11.78	26
990	10.68	25
990	11.47	24
990	12.78	21
990	19.25	24
990	11.73	23
990	8.20716	20
990	13.38	21
990	34.93	5
995	12.94	18
995	11.7594	17
995	15.66	19
995	11.08	21
995	13.39	17
995	14.55	19
995	12.03	19
995	14.8	20
995	11.68	20
995	25.99	4
995	34.17	9
1000	17.43	12
1000	17.55	14
1000	33.77	12
1000	12.95	13
1000	33.6825	10
1000	33.71	12
1000	14.96	15
1000	13.79	12
1000	13.43	12
1000	12.45	14
1000	35.67	12
1000	34.64	11
1005	34.75	14
1005	37.18	14
1005	22.7044	14
1005	15.79	11
1005	38.31	14
1005	25.4	10
1005	15.48	11
1005	15.1	11
1005	25.73	10
1005	26.05	8
1010	39.01	12
1010	36.17	12
1010	38.35	11
1010	32.357	11
1010	15.43	10
1010	25.88	13
1015	25.95	18
1015	32.21	6
1015	42.45	18
1015	26.06	16
1015	25.23	18
1020	26.83	24
1020	26.69	23
1020	26.66	23
1020	26.69	24
1025	26.56	28
1025	26.55	26
1025	39.59	27
1025	26.44	26
1025	34.46	4
1025	42.0427	28
1030	26.64	27
1030	27.73	31
1030	39.41	29
1030	39.97	31
1030	27.25	31
1030	27.34	30
1030	17.4883	6
1035	29.16	24
1035	39.67	23
1035	39.46	24
1035	48.52	2
1035	34.86	8
1040	34.67	8
1040	28.04	17
1040	28.37	17
1040	35.07	9
1040	34.66	10
1045	28.75	11
1045	35.33	12
1045	34.2757	9
1045	44.9935	5
1045	36.15	14
1050	39.45	10
1050	39.73	9
1050	36.61	14
1050	28.51	7
1050	31.1	15
1055	38.4109	10
1055	39.3	11
1055	39.72	12
1055	32.3	21
1055	31.23	16
1055	39.83	11
1055	43.37	7
1055	32.67	19
1055	31.99	16
1055	28.07	7
1060	39.7	12
1060	39.51	11
1060	36.13	21
1060	26.7	21
1060	35.39	19
1060	30.68	20
1060	39.1804	11
1060	39.31	12
1060	14.7	21
1065	26.46	22
1065	39.92	8
1065	31.9	21
1065	6.35	21
1065	26.51	21
1065	42.0917	8
1065	25.5445	7
1065	42.59	7
1065	55.35	8
1065	6.24	19
1070	26.7836	18
1070	29.43	17
1070	30.5169	18
1070	26.25	18
1070	2.55	18
1070	14.23	20
1070	30.82	20
1070	26.39	20
1070	42.84	9
1070	9.59	19
1070	3.16	17
1075	30.09	19
1075	0.03	17
1075	6.06	17
1075	5.87	19
1075	27.03	19
1075	23.1319	17
1075	26.95	17
1075	1.42	17
1075	49.86	3
1075	0	17
1080	39.66	16
1080	0	16
1080	0.13	16
1080	1.12	17
1080	35.84	15
1080	27.88	18
1080	31.89	16
1080	33.96	18
1080	28.9417	16
1080	40.1356	15
1080	0.01	16
1080	0	16
1085	39.58	19
1085	39.39	19
1085	39.97	20
1085	39.38	17
1085	0	15
1085	0	15
1085	0	15
1085	39.57	18
1085	32.99	15
1085	48.55	6
1085	50.7	6
1085	0	15
1085	38.54	15
1085	0	14
1090	39.52	18
1090	39.41	17
1090	0.0203864	11
1090	2.73556	11
1090	1.90603	12
1090	0	11
1090	0.166958	10
1090	39.28	12
1090	49.34	7
1095	39.9	12
1095	38.98	13
1095	1.98717	8
1095	1.72997	9
1095	0	10
1095	48.7921	5
1095	49.84	5
1095	0	9
1100	39.4	10
1100	21.75	12
1100	3.73	11
1100	0.179149	11
1100	0.220009	11
1100	3.72982	11
1105	16.16	16
1105	5.41	15
1105	2.97	15
1105	10.32	15
1105	8.55995	15
1105	1.60999	15
1105	10.97	15
1105	35.65	14
1105	54.69	13
1105	46.63	8
1105	48.47	8
1105	1.99527	14
1105	5.12	15
1110	6.54	19
1110	10.01	19
1110	1.89	18
1110	3.82	18
1110	2.95	18
1110	37.8224	9
1110	39.71	11
1110	1.99	18
1110	15.06	19
1110	13.31	18
1110	3.46	18
1110	39.83	9
1110	1.39	18
1110	37.08	15
1110	37.17	15
1110	37.46	15
1110	38.49	15
1110	6.63	18
1115	39.95	11
1115	2.85	20
1115	2.26	20
1115	3.29	20
1115	3	20
1115	4.4	19
1115	34.5358	10
1115	39.99	11
1115	2.43	20
1115	5.22523	19
1115	5.16	20
1115	5.62	19
1115	4.29	19
1115	53.11	11
1115	4.79	19
1115	8.29	20
1115	34.81	12
1120	39.19	11
1120	33.6494	10
1120	3.84	22
1120	3.39	22
1120	6.57	21
1120	5.22	22
1120	9.6	21
1120	4.05	22
1120	8.07497	21
1120	2.76	22
1120	11.15	22
1120	39.54	10
1120	5.58853	21
1120	2.42	22
1120	6.1	22
1125	39.28	9
1125	9.33	21
1125	8.97	22
1125	3.49	24
1125	12.26	22
1125	7.7	22
1125	6.91	22
1125	13.71	22
1125	5.87	22
1125	14.13	22
1125	3.8	22
1125	52.65	3
1125	7.72	22
1130	15.06	24
1130	13.7096	24
1130	4.72	24
1130	18.42	24
1130	17.08	24
1130	8.57	24
1130	1.21755	24
1130	10.92	24
1130	43.05	8
1130	5.34	24
1130	3.99	24
1130	4.6	24
1135	19.07	25
1135	6.78	24
1135	39.38	7
1135	16.97	25
1135	16.01	24
1135	39.4636	8
1135	38.6226	8
1135	41.57	8
1135	6.77	23
1135	39.71	9
1135	5.54	25
1135	5.2	25
1135	6.04	24
1140	7.79401	21
1140	39.4833	11
1140	39.63	10
1140	39.33	11
1140	5.69	24
1140	33.95	9
1140	8.34949	21
1140	6.01	24
1140	7.27	23
1140	6.71	23
1140	7.6	22
1145	39.29	10
1145	12.65	19
1145	39.54	11
1145	7.17	20
1145	9.78	20
1145	7.41	20
1145	8.24998	19
1145	8.22	19
1145	35.11	7
1145	6.39	21
1145	8.92	19
1145	32.8327	6
1145	32.82	7
1145	6.79	20
1150	39.58	10
1150	8.69	15
1150	6.95	18
1150	24.94	6
1150	9.06442	15
1150	10.35	15
1150	9.9	15
1150	7.23	18
1150	7.85	16
1150	10.27	16
1150	34.42	6
1150	8.46	16
1155	39.26	15
1155	39.52	12
1155	10.06	18
1155	8.32	19
1155	26.41	3
1155	10.83	18
1155	11.93	19
1155	11.63	19
1155	8.63	18
1155	7.98	19
1155	7.56	19
1155	9.45	18
1155	3.02144	17
1160	39.44	13
1160	11.64	21
1160	9.69	20
1160	46.68	13
1160	12.29	22
1160	8.69	21
1160	9.44	21
1160	9	21
1160	10.85	20
1160	11.04	21
1165	11.61	24
1165	11.32	24
1165	39.27	13
1165	38.1843	4
1165	39.64	4
1165	10.27	24
1165	11.13	23
1165	9.98	23
1165	11.57	23
1165	10.94	23
1165	10.2979	23
1165	12.55	24
1170	12.97	27
1170	11.61	24
1170	10.75	26
1170	11.04	25
1170	11.71	25
1170	12.71	27
1170	11.26	24
1170	12.45	25
1170	11.72	25
1170	42.78	10
1170	24.66	10
1175	12.1	26
1175	11.82	25
1175	14.99	25
1175	13.39	24
1175	16.01	24
1175	14.32	26
1175	11.31	26
1175	12.71	26
1175	13.01	27
1175	41.63	8
1180	12.28	24
1180	13.52	23
1180	15.21	22
1180	17.67	22
1180	19.08	23
1180	13.01	24
1180	18.44	24
1180	39.4	8
1180	39.6	7
1180	24.38	4
1185	18.05	20
1185	19.48	22
1185	21.56	23
1185	39.85	10
1185	39.26	10
1185	37.8271	10
1185	16.61	22
1185	21.87	24
1185	39.94	10
1185	13.84	24
1185	13.82	23
1185	13.97	23
1185	35.3	5
1190	39.27	10
1190	21.86	22
1190	38.4856	9
1190	39.86	10
1190	39.34	5
1190	14.93	21
1190	15.65	21
1190	14.91	22
1195	39.83	9
1195	16.31	17
1195	16.76	19
1195	1.47475	15
1195	15.8027	15
1195	19.11	17
1195	22.56	19
1200	39.34	6
1200	18.17	13
1200	26.38	9
1200	18.97	11
1200	19.1171	10
1200	17.5862	9
1205	35.4743	4
1205	39.48	16
1205	26.62	15
1205	35.27	4
1205	20.55	10
1210	39.33	21
1210	39.96	21
1210	26.98	21
1210	42.45	11
1210	25.55	22
1215	39.88	23
1215	39.69	6
1215	26.42	26
1215	26.19	23
1215	31.4641	2
1220	39.74	4
1220	26.65	23
1225	26.91	22
1225	27.36	20
1225	27.24	21
1225	27.93	20
1225	27.59	21
1225	26.64	22
1230	28.17	19
1230	39.47	21
1230	28	19
1230	39.68	8
1230	37.3021	7
1230	35.72	6
1230	42.85	23
1235	39.85	10
1235	39.93	10
1235	39.3909	10
1235	39.99	10
1235	28.58	19
1235	28.84	22
1235	32.23	9
1235	36.12	8
1240	39.75	11
1240	39.41	10
1240	37.5585	10
1240	39.93	11
1240	32.73	11
1240	28.77	15
1240	29	18
1240	28.7593	9
1240	33.79	12
1240	33.09	9
1240	28.76	14
1240	28.11	12
1245	39.69	8
1245	29.54	11
1245	34.05	13
1245	29.1	12
1245	35.7	13
1245	33.845	12
1245	36.54	12
1250	39.4	6
1250	21.6254	10
1250	37.09	14
1250	33.35	12
1250	48.19	5
1255	39.2207	4
1255	39.31	10
1255	34.63	11
1255	34.44	13
1260	39.91	12
1260	30.5297	12
1260	30.59	15
1260	30.68	12
1260	43.3855	12
1265	32.6	13
1265	39.6	16
1265	34.16	13
1265	34.19	15
1265	39.78	15
1265	41.24	13
1265	49.27	2
1270	31.27	19
1270	31.39	16
1270	37.3	14
1270	41.07	12
1270	42.12	12
1275	29.81	16
1275	15.4918	12
1275	36.26	16
1280	36.36	19
1280	39.53	9
1280	20	18
1280	19.23	19
1280	42	8
1280	49.81	4
1285	21.59	17
1285	20.13	17
1285	18.416	14
1285	47.68	8
1285	19.98	19
1285	19.41	20
1290	35.77	8
1290	39.91	8
1290	39.57	9
1290	21.39	20
1290	19.53	20
1290	22.48	21
1290	41.4166	8
1290	47.42	8
1290	21.63	19
1290	20.67	19
1290	46.92	8
1295	34.71	12
1295	20.61	23
1295	18.3406	21
1295	20.36	22
1295	19.67	23
1295	44.42	9
1295	20.94	21
1295	44.32	10
1295	22.5977	9
1295	22.1	23
1300	38.5	10
1300	24.02	23
1300	23.79	21
1300	25.22	24
1300	24.12	22
1300	22.72	21
1300	48.37	8
1300	46.4868	8
1300	55.91	9
1305	22.49	21
1305	18.73	22
1305	28.64	21
1305	38.5972	6
1305	28.32	22
1305	46.13	7
1310	27.32	19
1310	24.04	15
1310	21.52	17
1310	18.35	19
1310	7.81	19
1310	52.72	8
1310	53.86	5
1310	16.17	19
1315	16.41	14
1315	16.39	14
1315	39.65	11
1315	39.0756	9
1315	39.9	11
1315	27.16	15
1315	23.39	14
1315	50.93	9
1315	9.46	14
1315	41.36	9
1315	16.66	15
1315	16.8087	13
1320	38.8025	11
1320	19.76	13
1320	22.07	13
1320	39.32	12
1320	39.4	12
1320	39.6739	12
1320	6.94	13
1320	32.23	15
1320	50.99	14
1320	1.43	13
1320	20.5	13
1320	16.9295	13
1320	18.84	13
1325	39.36	10
1325	39.73	9
1325	39.64	10
1325	8.32	14
1325	32.5	17
1325	3.1	13
1325	20.0898	14
1325	32.09	14
1325	32.39	18
1325	19.03	14
1325	21.4	12
1330	39.83	6
1330	34.02	18
1330	34.27	15
1330	39.48	18
1330	5.08	15
1330	0	14
1330	33.92	15
1330	26.16	15
1330	28.0432	14
1330	32.1	16
1330	34.36	16
1335	35.98	18
1335	34.97	19
1335	32.71	20
1335	33.8648	15
1335	0	15
1335	0	14
1335	30.53	16
1335	38.12	15
1335	30.0816	15
1340	39.49	17
1340	0	13
1340	0	13
1340	36.72	14
1340	40.6	15
1340	35.81	16
1345	39.88	18
1345	39.7	14
1345	0.0173745	9
1345	0.184046	9
1345	44.03	10
1350	39.68	14
1350	39.64	14
1350	1.62322	6
1350	40.9983	8
1350	40.42	8
1350	37.2831	7
1355	32.1755	9
1355	23.55	6
1355	3.67982	5
1355	39.97	10
1360	38.31	8
1360	4.62	7
1360	5.02	8
1360	13.4	8
1360	37.61	10
1360	30.5	10
1365	14.74	11
1365	24.75	12
1365	31.42	9
1365	8.01991	11
1365	31.83	11
1365	5.99	11
1365	6.71	12
1365	31.1	14
1365	30.96	14
1365	7.6	11
1365	31.36	15
1365	32.15	9
1370	20.89	15
1370	12.05	14
1370	16.46	14
1370	16.9115	14
1370	13.77	15
1370	19.55	14
1370	35.4	12
1370	31.75	16
1370	7.45	15
1370	8.26	15
1370	9.15	15
1370	31.23	16
1370	31.48	16
1375	15.4153	15
1375	21.27	15
1375	20.2617	12
1375	26.12	14
1375	9.5	15
1375	9.77	15
1375	19.63	15
1375	15.4	15
1375	11.6513	15
1375	26.59	14
1375	16.78	15
1375	47.67	14
1375	27.61	12
1375	31.75	17
1375	31.93	16
1380	19.46	15
1380	13.51	15
1380	14.2864	15
1380	19.45	15
1380	29.17	12
1380	27.9752	12
1380	30.6751	12
1380	19.03	15
1380	17.7	15
1380	26.93	12
1380	31.72	12
1380	26.4	12
1380	39.62	11
1385	20.44	15
1385	15.51	15
1385	28.96	13
1385	32.07	14
1385	30.71	13
1385	39.74	5
1390	46.24	18
1390	39.56	12
1390	34.15	13
1395	40.9399	12
1395	37.42	16
1395	33.514	11
1400	30.56	14
1400	8.71759	11
1400	38.83	15
1400	31.21	12
1405	39.45	10
1405	39.85	9
1405	39.86	7
1405	37.17	10
1405	32.2	13
1405	27.21	13
1405	28.8465	13
1405	40.11	9
1405	30.85	13
1410	36.08	11
1410	39.75	11
1410	33.691	5
1410	27.24	10
1410	13.56	12
1410	28.78	12
1410	25.12	12
1410	26.07	11
1415	39.41	7
1415	14.28	8
1415	4.78	8
1415	26.66	8
1415	27.45	9
1415	36.43	11
1420	15.37	7
1420	41.04	5
1425	25.84	23
1425	25.09	6
1425	24.51	22
1425	25.87	22
1430	26.72	26
1430	25.76	26
1430	39.34	10
1430	2.47316	9
1430	24.42	25
1430	24	26
1430	26.87	26
1430	39.9	9
1430	5.27084	4
1430	24.81	26
1430	39.54	11
1430	39.09	25
1430	3.54983	4
1430	39.28	26
1435	26.91	27
1435	24.99	27
1435	39.76	13
1435	38.2603	12
1435	25.09	27
1435	39.35	13
1435	13.42	4
1435	24.75	29
1435	26.36	28
1435	41.19	13
1435	5.03	4
1435	25.4	28
1435	38.1085	27
1440	38.5007	11
1440	39.48	11
1440	39.29	12
1440	27.73	24
1440	6.45	3
1440	37.52	22
1440	26.33	24
1440	40.12	11
1445	39.66	15
1445	40.0361	10
1445	7.8	3
1445	35.43	16
1445	36.39	14
1445	43.3487	8
1450	45.59	8
1455	39.41	9
1455	37.78	9
1455	42.45	9
1455	46.17	6
1455	35.18	11
1455	45.9084	6
1460	39.27	16
1460	39.67	12
1460	39.76	13
1460	38.34	14
1460	37.7928	13
1460	35.37	16
1460	46.02	6
1465	29.67	18
1465	32.1528	17
1465	37.87	11
1465	37.3054	12
1465	37.45	17
1465	28.85	11
1465	43.6	6
1465	12.79	18
1465	45.09	6
1470	35.71	18
1470	26.7406	14
1470	26.74	14
1470	19.26	19
1470	4.69	15
1470	43.1422	5
1470	43.87	5
1470	30.38	13
1475	18.81	14
1475	18.98	13
1475	20.54	14
1475	1.38	13
1475	40.65	9
1480	23.49	12
1480	24.48	14
1480	22.6053	12
1480	18.7	13
1480	21.46	15
1480	2.93	12
1480	18.83	14
1480	46.57	8
1485	39.31	10
1485	16.4895	12
1485	39.62	11
1485	19.74	13
1485	0.01	11
1485	45.6	11
1485	19.31	12
1485	21.34	16
1490	39.84	12
1490	23.67	18
1490	0.199222	11
1490	49.77	11
1490	22	11
1495	37.5097	3
1495	38.16	3
1500	18.08	17
1500	3.19838	13
1500	18.25	15
1500	24.58	8
1505	25.98	7
1505	15.77	17
1505	18.11	19
1505	26.07	8
1505	4.69	16
1505	6.71915	15
1505	12.39	16
1510	39.48	7
1510	13.8	19
1510	39.81	6
1510	31.51	9
1510	12.42	20
1510	6.43	19
1510	14.18	18
1510	38.9792	6
1510	9.99364	18
1510	6.27	20
1510	16.6	21
1510	8.27	19
1510	7.16	18
1515	39.59	7
1515	39.43	7
1515	15.77	23
1515	15.63	24
1515	10.91	22
1515	14.37	22
1515	14.98	21
1515	39.33	9
1515	7.28	23
1515	10.59	23
1515	12.22	22
1515	32.03	10
1515	7.54	24
1515	13.3487	21
1515	9.81	24
1515	6.79	23
1520	39.59	5
1520	16.4137	24
1520	14.0522	24
1520	8.41	26
1520	14.36	25
1520	14.76	27
1520	14.59	25
1520	11.67	26
1520	14.88	26
1520	13.42	26
1520	8.31	27
1525	13.11	29
1525	14.99	29
1525	16.55	27
1525	9.78	29
1525	0.743232	26
1525	15.8	28
1525	18.85	27
1525	15	29
1525	31.39	4
1525	32.77	5
1525	14.71	28
1530	20.92	29
1530	15.75	29
1530	5.30634	29
1530	15.81	29
1530	15.55	29
1530	15.38	29
1530	16.01	29
1535	34.39	10
1535	39.49	6
1535	17.68	30
1535	16.22	29
1535	35.13	9
1535	6.60798	28
1535	34.0956	9
1535	16.28	30
1535	16.97	30
1535	16.58	28
1535	17.36	30
1535	15.89	30
1540	38.29	10
1540	37.81	10
1540	39.5536	6
1540	36.3	10
1540	16.81	27
1540	17.6	27
1540	17.98	29
1540	16.72	25
1540	16.72	29
1540	13.305	23
1540	17.3	23
1545	39.3	4
1545	37.73	10
1545	18.84	21
1545	24.1	11
1545	36.78	12
1545	17.87	19
1545	17.99	21
1545	17.29	19
1545	18.31	23
1550	11.4191	12
1550	18.9399	13
1550	25.72	9
1550	34.576	7
1550	18.55	15
1550	18.7707	17
1550	39.28	9
1555	20.72	15
1555	36.9	5
1555	36.93	5
1560	39.2737	10
1560	39.95	12
1560	42.59	11
1565	39.76	10
1565	39.44	19
1565	39.84	23
1565	36.6784	8
1570	39.48	6
1570	39.8	7
1570	24.23	27
1570	39.78	26
1570	25.67	25
1570	24.98	25
1575	24.95	30
1575	25.11	32
1575	24.49	32
1575	25	28
1575	25.34	28
1575	24.64	30
1580	26.21	31
1580	25.1	31
1580	25.21	32
1580	34.13	32
1580	25.1	31
1580	42.48	32
1585	25.31	30
1585	25.62	31
1585	49.34	8
1585	24.8	30
1585	25.87	30
1585	24.92	29
1590	38.0979	8
1590	39.77	8
1590	39.93	8
1590	39.63	9
1590	25.84	22
1590	25.64	24
1590	26	25
1590	25.68	22
1590	25.89	24
1595	26.57	16
1595	26.98	14
1595	26.98	18
1595	12.612	9
1595	26.29	16
1595	40.54	10
1600	27.31	13
1600	34.76	12
1600	48.94	8
1600	34.84	8
1600	15.2353	8
1600	48.17	9
1605	35.7854	13
1605	37.89	15
1605	37.33	14
1605	41.86	5
1605	33.95	15
1605	37.34	8
1610	37.09	16
1610	35.53	16
1610	35.46	16
1615	37.12	9
1615	17.71	15
1615	29.4802	12
1615	39.48	10
1615	35.04	14
1615	12.24	14
1615	14.89	13
1615	14.7	17
1620	1.17871	12
1620	13.04	12
1620	15.51	14
1620	31.64	9
1620	0.85	12
1620	35.42	10
1620	0.01	12
1620	36.03	9
1620	3.53	14
1625	17.6	17
1625	15.9	14
1625	15.43	12
1625	5.95962	13
1625	0	12
1625	3.50999	14
1630	18.04	21
1630	21.07	21
1630	39.6	13
1630	9.22	16
1630	39.33	11
1630	0.254442	15
1630	11.72	18
1630	14.79	19
1630	1.41	17
1635	39.8	9
1635	1.14	20
1635	14.73	22
1635	1.21	19
1635	0.94	20
1635	1.52	19
1640	2.43	20
1640	39.86	5
1640	3.63969	18
1640	2.83	18
1640	2.31	19
1640	16.73	25
1640	8.75	21
1645	2.96	22
1645	5.06	22
1645	4.40642	21
1645	13.69	26
1645	9.18	24
1645	3.77	21
1645	2.35	23
1645	2.64	22
1645	4.59	21
1650	6.59	25
1650	5.71	24
1650	49.49	6
1650	3.02	25
1650	3.4	24
1650	5.22	23
1650	3.68	24
1650	3.99	23
1650	6.19	25
1655	39.92	3
1655	39.93	3
1655	9.12	26
1655	39.27	8
1655	39.32	8
1655	8.08	30
1655	6.98	28
1655	4.42	27
1655	4.69	26
1655	9.53	29
1655	6.52	27
1655	4.95	25
1655	5.49503	25
1655	7.59	29
1655	10.24	28
1660	39.59	9
1660	39.31	9
1660	14.03	32
1660	7.45	31
1660	8.58	32
1660	41.14	9
1660	5.75	27
1660	6.37	30
1660	9.78	32
1660	5.82	29
1660	8.05	31
1660	6.49	27
1660	6.76	29
1660	5.68	28
1665	39.92	7
1665	39.67	6
1665	39.43	2
1665	5.85	35
1665	6.13	31
1665	7.41	29
1665	7.7823	30
1665	6.43	30
1665	5.88	34
1665	6.06	32
1665	6.6	29
1665	8.04	32
1665	8.37	33
1670	6.66	35
1670	5.84	36
1670	6.5	34
1670	7.14	31
1670	9.2	34
1670	9.37	35
1670	6.78	33
1670	7.08	32
1670	8	31
1670	9.4	36
1670	8.48	32
1675	6.74	35
1675	6.38	35
1675	7.73	34
1675	7.38	35
1675	7.72	33
1675	8.4	33
1675	9.33	34
1675	7.92999	31
1675	8.36	31
1675	9.6	35
1675	10.03	35
1680	7.35	33
1680	7.97	34
1680	39.52	4
1680	39.82	4
1680	8.41	34
1680	8	33
1680	39	4
1680	39.94	5
1680	5.0383	31
1680	9.13	32
1680	39.77	6
1680	9.03804	31
1680	9.94	34
1680	10.62	35
1680	9.36	33
1680	9.72	33
1685	7.71	33
1685	11.037	31
1685	9.1	32
1685	39.89	9
1685	10.75	32
1685	12.44	31
1685	39.66	5
1685	13.35	32
1685	13.7	32
1685	10.51	32
1685	7.71	33
1685	7.35	33
1685	11.04	33
1685	11.23	34
1690	13.3443	29
1690	16.63	31
1690	14.85	29
1690	39.64	7
1690	8.5	32
1690	7.97	32
1690	16.21	30
1690	14.98	32
1690	39.77	6
1690	36.2843	3
1690	12.74	32
1690	9.28	30
1690	8.78	31
1695	18.9124	28
1695	8.9	29
1695	17.93	30
1695	10.12	27
1695	9.07	28
1695	8.35	30
1695	10.6	26
1695	10.21	27
1700	11.17	28
1700	13.9	27
1700	9.69	30
1700	8.9	31
1700	8.9	30
1700	9.69	28
1700	12.02	29
1700	11.72	28
1705	16.24	28
1705	39.84	7
1705	18.9	30
1705	17.16	29
1705	10.77	25
1705	10.02	28
1705	10.23	28
1705	11.21	24
1705	13.38	30
1705	9.36	29
1705	9.1	30
1710	16.41	24
1710	10.2	25
1710	11.54	22
1710	12.72	26
1710	24.48	11
1710	9.97	26
1710	11.03	22
1710	10.47	24
1710	24.46	11
1715	39.889	2
1715	10.5	22
1715	17.27	22
1715	39.96	9
1715	11.2	22
1715	10.69	22
1715	9.41645	21
1715	13.14	22
1715	24.67	11
1715	11.19	21
1715	12.52	21
1715	11.9899	21
1720	11.36	19
1720	10.75	20
1720	11.62	18
1720	13.49	17
1720	12.7823	17
1720	12.97	18
1720	11.38	18
1720	12.64	17
1720	14.23	20
1720	13.38	19
1720	24.95	13
1725	12.69	18
1725	12.29	19
1725	11.75	19
1725	17.19	19
1725	12.41	19
1725	18.61	19
1725	17.4299	19
1725	12.97	18
1725	14.2	19
1725	25.99	14
1730	17.57	17
1730	17.39	17
1730	22.55	17
1730	14.7691	17
1730	16.353	16
1730	14.66	17
1730	25.67	19
1730	25.81	19
1735	22.09	16
1735	19.5	17
1735	20.3605	14
1735	21.87	16
1735	19.72	17
1735	26.24	20
1735	26.22	20
1735	23.85	20
1735	25.56	19
1740	27.22	20
1740	24.37	21
1740	23.96	20
1740	26.45	19
1740	26.81	21
1740	26.58	12
1740	39.73	11
1740	24.79	21
1745	27.5	18
1745	28.07	19
1745	27.59	18
1745	34.58	5
1745	32.78	6
1750	34.51	9
1750	27.67	17
1750	26.64	15
1750	34.13	9
1755	39.77	12
1755	31.62	11
1755	35.69	11
1760	27.13	12
1760	18.9637	12
1760	32.89	14
1760	31.34	12
1760	31.21	13
1765	39.86	2
1765	34.4	16
1765	31.8915	13
1765	27.87	14
1765	32.3	16
1765	26.16	16
1765	32.55	19
1770	26.58	17
1770	34.97	19
1770	33.1608	17
1770	34.6546	17
1770	42	18
1770	27.14	17
1770	34.98	19
1775	28.04	17
1775	25.97	17
1775	30.59	18
1775	39.21	19
1775	27.33	17
1775	27.64	18
1775	41.99	17
1775	26.32	17
1775	14.52	19
1780	17.9994	14
1780	26.33	16
1780	35.88	18
1780	26.34	18
1780	6.83	16
1780	31.16	14
1780	6.25	15
1780	43.3754	16
1785	28.13	15
1785	32.28	19
1785	29.03	16
1785	26.2441	16
1785	25.98	17
1785	2.67	16
1785	40.11	14
1785	3.14	15
1790	30.62	18
1790	4.27999	16
1790	39.94	10
1790	19.65	18
1790	40.09	12
1795	17.57	20
1795	11.56	18
1795	5.20127	16
1795	14.11	18
1795	41.79	11
1795	40.56	12
1795	49.58	6
1795	7.01887	16
1795	9.53	16
1795	6.39	16
1795	40.52	11
1795	47.4952	6
1800	39.53	11
1800	9.11	18
1800	11.56	18
1800	9.55	17
1800	10.29	19
1800	8.73	18
1800	8.83999	18
1800	8.7	17
1800	8	19
1800	11.91	19
1800	49.14	5
1800	49.7	7
1805	13.08	20
1805	15.31	22
1805	39.74	9
1805	14.93	21
1805	9.17	22
1805	9.83	21
1805	9.33504	20
1805	10.43	22
1805	9.92	22
1805	9.29	23
1805	9.56	21
1805	9.27	22
1810	9.86	24
1810	9.53	24
1810	39.88	9
1810	13.51	24
1810	10.08	24
1810	11.28	23
1810	12.11	24
1810	10.04	24
1810	47.56	7
1810	46.19	6
1810	10.44	23
1815	10.93	23
1815	10.42	24
1815	9.41	24
1815	10.9	24
1815	37.3	11
1815	11.49	23
1815	12.55	24
1815	5.73854	23
1815	45.45	9
1815	12.25	24
1815	11.71	24
1815	54.12	11
1815	44.3	8
1820	15.12	23
1820	13.45	23
1820	11.82	23
1820	10.49	23
1820	11.31	23
1820	12.0119	23
1820	12.94	23
1820	39.7491	10
1820	10.75	23
1820	12.48	23
1820	40.22	9
1820	41.77	11
1820	54.77	6
1820	13.09	23
1820	54.56	7
1825	15.91	24
1825	15.97	22
1825	11.39	22
1825	12.15	24
1825	11.34	24
1825	14.9969	19
1825	17.63	24
1825	11.66	24
1825	40.42	12
1825	12.16	20
1825	34.01	12
1830	35.4532	12
1830	14.83	19
1830	13.24	19
1830	12.62	20
1830	34.66	14
1830	36.81	11
1830	37.49	12
1830	19.97	23
1830	13.89	20
1835	37.08	13
1835	17.55	19
1835	17.8	19
1835	39.83	13
1835	36.74	13
1835	18.8698	20
1835	39.3	5
1835	38.82	13
1835	19.8577	18
1835	51.28	5
1835	26.57	20
1840	39.68	9
1840	39.75	10
1840	38.6285	9
1840	38.64	10
1840	21.32	18
1840	23.8	13
1840	48.18	6
1840	27.93	15
1840	28.28	18
1840	22.79	15
1845	46.55	6
1845	47.26	8
1845	25.15	15
1845	25.09	13
1850	35.05	12
1850	39.3104	10
1855	39.6438	19
1855	39.82	19
1855	44.23	9
1855	26.42	19
1855	46.4729	7
1860	36.3	26
1860	26.63	26
1860	25.3	26
1860	39.4	2
1860	35.46	29
1860	25.04	29
1860	25.99	29
1860	25.67	25
1860	53.7861	6
1865	35.49	29
1865	39.27	27
1865	52.8179	5
1865	26.6	29
1865	26.71	26
1865	53.03	5
1865	26.63	28
1865	25.97	30
1870	27.45	26
1870	28.07	27
1870	27.48	27
1870	26.72	27
1870	26.9	26
1875	27.33	21
1875	26.97	23
1875	25.97	22
1875	28.25	23
1875	48.6795	5
1880	39.43	10
1880	28.3611	9
1880	39.69	9
1880	27.54	22
1880	26.97	21
1885	39.49	12
1885	39.43	12
1885	39.89	17
1885	39.46	11
1885	27.56	17
1885	35.17	8
1885	27.58	18
1885	27.64	18
1885	27.46	19
1885	27.55	17
1890	35.8608	9
1890	39.65	11
1890	39.51	10
1890	39.34	11
1890	35.61	11
1890	29.84	14
1890	28.85	14
1890	36.67	11
1890	17.7574	9
1890	29.07	15
1895	39.4	7
1895	34.33	15
1895	33.43	13
1895	23.87	17
1895	41.91	8
1900	18.8967	15
1900	24.21	19
1900	25.36	18
1900	23.57	20
1905	24.31	19
1905	23.54	22
1905	39.31	7
1905	39.97	6
1905	22.9409	17
1905	25.72	22
1905	25.09	19
1910	30.04	25
1910	28.85	24
1910	26.14	25
1910	24.6437	22
1910	27.38	22
1910	22.14	26
1910	39.85	2
1910	39.9	13
1910	12.7	25
1915	36.67	12
1915	10.09	29
1915	30.46	28
1915	23.0414	25
1915	22.09	27
1915	39.1	14
1915	26.88	25
1915	22.11	29
1915	7.66	27
1915	42.98	14
1915	4.81	26
1920	0.81	25
1920	27.89	25
1920	39.06	11
1920	22.94	24
1920	1.04	25
1920	22.01	25
1920	22.21	28
1920	1.63	24
1920	21.95	25
1920	21.3961	24
1925	2.22	25
1925	5.79	25
1925	2.47	24
1925	21.89	26
1925	21.87	25
1925	23.72	26
1925	22.45	23
1925	2.91	23
1925	23.15	25
1925	21.8282	23
1930	3.41	25
1930	3.33442	24
1930	21.91	26
1930	6.12	26
1930	3.08	25
1930	3.67	25
1930	7.59	26
1930	22.38	25
1930	21.83	25
1930	22.87	25
1930	2.57	24
1930	23.07	26
1935	23.57	28
1935	39.78	11
1935	39.92	12
1935	0.01	25
1935	23.38	26
1935	39.48	12
1935	23.35	30
1935	34.91	11
1935	22.37	26
1935	3.03	27
1935	0.17	26
1935	0	25
1935	5.79	28
1935	51.37	4
1935	2.65	27
1935	23.04	28
1935	0	25
1940	26.83	25
1940	22.91	25
1940	23.48	26
1940	0	24
1940	39.55	13
1940	24.06	24
1940	27.3747	26
1940	39.7	6
1940	22.1063	24
1940	35.27	13
1940	0	25
1940	0	24
1940	0	24
1940	0.13	25
1940	0.05	25
1940	0	24
1945	25.94	22
1945	22.86	21
1945	24.84	21
1945	0	21
1945	39.98	9
1945	39.6339	7
1945	16.5165	20
1945	23.06	22
1945	39.46	6
1945	39.89	6
1945	42.31	4
1945	0	21
1945	0	21
1945	0	21
1945	0	22
1945	0	22
1945	0	20
1950	26.74	17
1950	0	16
1950	24.79	16
1950	23.59	16
1950	0	16
1950	0.232131	16
1950	0	16
1950	0.0601799	16
1950	0.303077	16
1950	0.0678728	15
1955	0.94	13
1955	39.31	8
1955	33.13	9
1955	1.04	14
1955	2.01578	13
1955	1.26679	13
1955	1.73776	14
1955	0	14
1955	33.59	10
1960	39.89	9
1960	39.0696	9
1960	0.815065	10
1960	12.85	11
1960	0.36	10
1960	0	10
1960	0.189463	11
1960	0.439062	10
1960	43.75	10
1960	33.47	15
1960	3.40826	10
1960	33.74	15
1965	34.55	18
1965	39.46	11
1965	0.41	10
1965	41.72	13
1965	0.8	10
1965	1.20995	10
1965	4.56	10
1965	0.0899801	10
1965	0	10
1965	33.19	18
1965	37.1	13
1965	33.35	19
1965	4.72	10
1970	11	11
1970	39.21	10
1970	38.31	11
1970	34.32	19
1970	39.62	10
1970	38.5184	10
1970	0.31	11
1970	34.79	20
1970	32.69	19
1970	2.0516	11
1970	2.73	11
1970	5.91	11
1970	0.639958	11
1970	0.889967	11
1970	33.19	19
1970	6.19	11
1975	36.83	17
1975	39.47	10
1975	39.79	9
1975	37.53	18
1975	1.52	11
1975	3.85	11
1975	4.22638	11
1975	7.54	11
1975	1.92	11
1975	2.51	11
1975	2.37	11
1975	7.56	11
1980	3.21	12
1980	27.42	8
1980	36.45	11
1980	5.6	11
1980	5.99	12
1980	3.58	12
1980	2.69	12
1980	3.92	11
1980	2.32	12
1980	49.35	11
1985	39.38	11
1985	39.67	12
1985	4.26	11
1985	34.19	10
1985	6.94	13
1985	7.44	13
1985	5.16	11
1985	4.06	13
1985	5.56976	11
1985	3.72	13
1985	36.6385	10
1985	37.87	10
1985	36.33	10
1990	39.63	8
1990	9.43	13
1990	8.61	13
1990	8.86	13
1990	6.49	13
1990	5.48	12
1990	6.71	13
1990	5.27	13
1990	37.39	13
1990	36.9	13
1990	36.83	14
1995	39.1123	7
1995	34.45	15
1995	39.57	14
1995	39.79	9
1995	11.7	14
1995	11.08	14
1995	6.47	14
1995	7.94	14
1995	7.12	13
1995	8.26	15
1995	35.16	13
2000	32.04	14
2000	39.63	6
2000	38.61	14
2000	13.55	13
2000	32.26	12
2000	7.96442	13
2000	9.21	15
2000	8.6	14
2000	8.18	13
2005	35.47	15
2005	36.05	15
2005	34.24	15
2005	11.29	16
2005	20.08	16
2005	33.5841	13
2005	12.41	16
2005	9.2	16
2005	10.03	17
2005	9.82	16
2005	0.820756	15
2010	39.48	13
2010	28.43	17
2010	29.67	19
2010	30.93	13
2010	15.31	18
2010	11.41	19
2010	36.52	10
2010	41.53	9
2010	14.64	19
2010	41.28	10
2015	11.0226	8
2015	20.2	20
2015	22.32	19
2015	35.87	10
2015	26.21	9
2015	26.2591	19
2015	24.35	10
2015	24.18	18
2015	9.52	10
2015	27.99	19
2015	43.21	11
2015	41.13	9
2020	29.61	18
2020	31.42	8
2020	21.27	20
2020	29.36	7
2020	32.67	20
2020	19.4156	7
2020	6.46973	7
2020	23.93	19
2025	31.85	16
2025	33.2396	15
2025	29.7	19
2025	20.97	7
2025	1.44227	6
2030	17.4665	4
2030	35.59	10
2030	39.25	10
2030	33.14	12
2030	47.47	20
2030	9.48	4
2030	24.2389	12
2035	36	13
2035	21.94	4
2035	26.05	13
2035	42.22	16
2035	10.93	4
2035	42.56	16
2040	39.79	15
2040	41.37	11
2045	39.71	11
2045	39.3	10
2045	24.87	12
2045	24.67	10
2045	35.94	11
2045	36.7	10
2045	34.79	9
2050	33.1752	10
2050	39.98	12
2050	25.24	14
2050	37.78	10
2055	39.57	11
2055	39.37	13
2055	39.4863	11
2055	24.9	20
2060	39.48	9
2060	39.63	9
2060	26.01	21
2060	25.57	24
2060	39.4031	9
2060	25.93	23
2060	25.67	23
2060	31.73	24
2060	25.24	24
2065	39.47	10
2065	25.67	25
2065	39.65	9
2065	25.68	26
2065	24.77	25
2065	26.77	25
2065	34.02	4
2065	26.28	26
2065	24.7795	4
2070	26.78	26
2070	25.89	26
2070	25.87	24
2070	39.4	5
2070	39.54	5
2070	36.52	6
2070	25.75	24
2075	24.54	24
2075	26.53	23
2075	26.24	22
2075	26.09	21
2080	26.8	19
2080	5.63949	5
2080	35.08	6
2080	26.95	21
2080	26.71	22
2085	29.77	19
2085	29.75	17
2085	34.59	9
2085	36.08	9
2085	26.1	18
2090	39.33	3
2090	33.73	20
2090	34.23	10
2090	40.49	3
2090	35.95	8
2090	35.13	9
2095	36.78	16
2095	38.05	10
2095	39.44	11
2095	37.76	8
2100	24.88	11
2105	27.06	8
2105	26.32	10
2105	42.56	8
2110	21.74	16
2110	41.77	7
2110	21.8	13
2115	23.63	12
2115	22.6384	12
2115	39.61	8
2115	21.52	18
2115	22.57	17
2115	43.7465	8
2115	23.25	16
2115	35.67	5
2120	27.76	17
2120	24.14	16
2120	26.24	16
2120	27.7	17
2120	36.65	6
2120	39.27	5
2120	36.7232	6
2120	37.05	6
2120	21.36	17
2125	21.57	21
2125	29.56	21
2125	16.4292	17
2125	21.79	18
2125	48.93	8
2125	22.93	17
2130	23.49	15
2130	13.8628	14
2130	24.02	22
2130	23.24	17
2130	46.6481	5
2130	47.28	7
2135	34.99	3
2135	50.24	7
2135	50.2	7
2140	15.31	16
2140	50.22	6
2140	15.08	19
2145	39.71	4
2145	39.51	13
2145	39.96	3
2145	16.82	14
2145	43.18	13
2145	14.78	15
2145	16.45	12
2145	43.66	12
2150	37.33	15
2150	39.28	15
2150	46.06	15
2150	33.63	14
2150	16.21	16
2150	17.96	21
2155	39.39	3
2155	49.9	14
2155	11.3	22
2160	12.41	23
2160	39.33	7
2160	42.65	4
2160	12.19	21
2160	10.94	24
2160	33.76	8
2160	12.78	20
2165	11.2981	19
2165	11.82	24
2165	33.32	7
2165	13.76	19
2165	12.38	21
2165	12.31	23
2165	14.28	21
2170	19.14	24
2170	39.38	8
2170	12.4	24
2170	13.57	21
2170	39.86	9
2170	34.5648	8
2170	39.27	4
2170	12.63	23
2170	15.31	25
2170	13.61	21
2170	10.4949	20
2175	39.79	10
2175	39.7	8
2175	12.87	26
2175	13.7834	23
2175	13.0296	25
2175	39.5	9
2175	12.87	27
2175	13.29	25
2175	14.24	23
2175	40.25	9
2175	15.14	27
2175	14.86	26
2180	13.48	27
2180	13.52	28
2180	39.37	11
2180	13.56	29
2180	18.58	28
2180	13.34	26
2180	14.61	26
2180	15.71	29
2185	17.83	26
2185	14.06	26
2185	16.34	24
2185	39.82	8
2185	39.25	7
2185	19.73	29
2185	15.29	25
2185	13.06	28
2185	13.74	29
2185	19.66	28
2185	16.34	29
2185	40.64	5
2185	41.59	7
2190	18.76	27
2190	21.76	29
2190	13.44	29
2190	21	29
2190	18.48	25
2190	16.3627	26
2190	42.17	6
2190	13.82	29
2190	41.1	6
2190	30.16	7
2195	39.79	10
2195	12.9669	23
2195	39.29	11
2195	21.84	26
2195	15.32	24
2195	13.62	27
2195	14.52	24
2195	29	11
2195	13.9	26
2200	20.64	23
2200	35.8	10
2200	14.6	21
2200	16.86	25
2200	14.16	24
2200	14.21	22
2200	14.4365	19
2200	36.53	10
2200	16.34	21
2200	15.5	18
2205	19.61	17
2205	15.0176	17
2205	15.58	17
2205	16.65	18
2205	14.81	18
2205	14.46	19
2205	14.94	17
2205	17.09	19
2210	38.87	11
2210	15.27	17
2210	14.96	18
2210	41.55	9
2210	16.97	17
2210	17.04	18
2210	15.92	16
2210	15.4565	16
2210	16.31	17
2210	15.53	17
2210	37.78	13
2210	26.86	13
2215	17.33	17
2215	16.39	18
2215	15.2585	17
2215	16.47	19
2215	17.43	20
2215	17.05	19
2215	16.92	18
2220	24.14	19
2220	27.36	18
2220	26.93	20
2220	22.11	19
2220	20.69	19
2220	38.86	5
2220	17.66	17
2220	27.74	17
2225	26.8465	5
2225	27.08	15
2225	23.74	18
2225	28.26	15
2225	23.24	16
2225	24.02	16
2225	27.93	15
2225	24.58	18
2225	37.91	5
2230	28.64	16
2230	26.36	15
2230	24.0159	15
2230	25.36	14
2230	26.04	15
2230	28.62	15
2230	26.39	18
2230	26.6	16
2230	24.67	18
2235	36.12	13
2235	36.11	14
2235	33.45	14
2235	6.22101	13
2240	39.22	9
2240	29.37	14
2240	37.1687	9
2245	28.89	15
2245	27.8997	6
2245	43.5	13
2245	29.13	12
2245	36.95	7
2250	39.94	16
2250	37	12
2250	29.48	17
2250	28.16	17
2250	37.47	11
2250	34.3243	10
2255	34.5	13
2255	34.58	12
2255	29.52	17
2255	29.18	19
2255	35.14	11
2260	33.95	16
2260	30.11	21
2260	39.16	16
2260	34.99	14
2260	29.53	20
2260	30.34	19
2260	37.9	14
2260	29.21	19
2260	29.73	20
2265	39.28	17
2265	38.15	15
2265	30.12	20
2265	39.46	13
2265	30.32	21
2265	29.83	20
2265	49.43	4
2270	33.7954	12
2270	30.39	20
2270	30.03	15
2270	30.56	20
2270	30.34	17
2270	51.38	4
2275	39.65	3
2275	35.47	13
2275	22.3666	11
2275	13.42	13
2275	22.89	13
2275	44.6289	18
2280	5.29	13
2280	24.45	13
2280	24.05	16
2280	22.61	14
2280	42.78	17
2280	23.8	13
2280	22.93	13
2285	39.84	12
2285	39.13	12
2285	2.22	15
2285	24	14
2285	24.1969	15
2285	23.85	16
2285	26.04	17
2285	25.36	17
2285	24.54	17
2290	27.45	20
2290	39.7	10
2290	4.05	18
2290	25.37	20
2290	26.25	18
2290	18.5779	18
2290	25.65	19
2290	27.06	19
2290	50.79	5
2295	39.5	7
2295	27.14	20
2295	28.44	18
2295	27.13	18
2295	27.64	17
2295	0	17
2295	28.31	20
2295	49.38	6
2295	49.73	5
2295	50.46	6
2300	31.07	20
2300	28.01	20
2300	39.5335	5
2300	23.3185	16
2300	29.34	18
2300	27.46	18
2300	0	16
2305	28.66	14
2305	30.47	18
2305	39.66	9
2305	39.33	9
2305	31.1	22
2305	0.0279603	14
2305	41.05	9
2310	39.338	11
2310	39.62	11
2310	38.97	11
2310	39.72	11
2310	23	17
2310	14.72	16
2310	18.91	16
2315	39.69	10
2315	39.61	11
2315	3.21722	12
2315	4.75	12
2315	11.21	13
2315	7.94	12
2315	34.27	12
2315	15.49	13
2315	54.79	15
2315	33.44	15
2315	54.39	11
2315	3.13	12
2320	39.53	8
2320	39.53	9
2320	4.85	13
2320	3.68	13
2320	3.09	13
2320	4.17	13
2320	3.32	13
2320	34	17
2320	33.7	18
2320	4.46	13
2320	2.78	13
2325	35.71	18
2325	5.4	15
2325	7.39	15
2325	39.76	5
2325	35.15	20
2325	35.29	18
2325	39.75	5
2325	34.89	20
2325	6.48	15
2325	5.16998	14
2325	4.41	14
2325	5.66	14
2325	2.58811	14
2325	4.17	15
2325	3.66	14
2325	4.06	14
2325	5.48	14
2330	5.39	17
2330	4.49	17
2330	4.24	17
2330	37.09	19
2330	36.94	21
2330	7.98	17
2330	6.61	17
2330	5.81842	17
2330	7.02	17
2330	6.22	17
2330	4.85	17
2330	5.34	17
2330	5.6204	17
2330	6.96	17
2335	5.8	17
2335	6.64	17
2335	6.09	17
2335	39.9	16
2335	8.44	17
2335	7.32	17
2335	7.63	17
2335	6.49	17
2335	6.95	17
2335	8.28	17
2335	6.88	17
2335	8.52	17
2335	4.97	17
2340	6.41	17
2340	39.48	8
2340	8.35	17
2340	7.72556	17
2340	39.35	10
2340	8.75	18
2340	42.42	7
2340	9.12	18
2340	7.98	17
2340	41.82	7
2340	8.61	17
2340	6.23	17
2340	8.67	17
2340	6.02	18
2340	5.78	18
2340	6.3	17
2345	11.75	18
2345	13.49	19
2345	11.664	19
2345	41.17	10
2345	41.25	11
2345	42.38	9
2345	9.58	19
2345	10.01	19
2345	7.49	18
2345	7.22	19
2345	42.18	11
2345	6.96	19
2345	6.83418	18
2350	14.76	21
2350	39.89	4
2350	41.93	12
2350	14.12	21
2350	8.91	20
2350	8.16	20
2350	9.5	20
2355	36.04	15
2355	15.58	22
2355	33.8756	14
2355	36.38	15
2355	35.58	13
2355	10.4	23
2355	10.5	23
2355	9.66	21
2355	10.88	24
2360	19.3	23
2360	3.51354	20
2360	15.9	22
2360	39.32	13
2360	36.23	13
2360	20.75	23
2360	25.51	13
2360	11.31	23
2360	12.13	24
2360	11.11	23
2365	20.39	21
2365	25.21	11
2365	16	21
2365	21.28	19
2365	15.23	22
2365	26.5	10
2365	20.07	24
2365	20.73	19
2365	26.96	10
2365	48.28	7
2370	15.62	20
2370	21.52	18
2370	30.68	21
2370	21.4637	7
2370	26.2964	18
2370	31.06	8
2370	19.49	19
2370	31.409	8
2370	25.44	18
2370	18.79	8
2370	46.91	5
2375	25.2286	18
2375	21.22	19
2375	13.7487	16
2375	24.38	7
2380	30.87	19
2380	44.38	19
2380	43.27	10
2385	39.71	17
2385	24.19	17
2385	44.19	17
2385	35.92	16
2385	5.69845	14
2390	25.25	19
2390	25.06	19
2390	42.74	10
2390	43.4089	8
2390	44.17	11
2395	39.58	21
2395	24.38	21
2395	26.18	19
2395	35.94	19
2395	25.06	21
2400	25.66	21
2400	26.28	20
2400	49.3176	4
2400	49.38	7
2400	21.06	23
2405	39.33	7
2405	25.78	22
2410	39.65	7
2410	39.61	6
2410	39.92	7
2410	26.19	23
2410	26.27	22
2415	25.92	24
2415	27.36	24
2415	26.21	25
2415	26.31	24
2415	39.71	10
2415	26.81	24
2415	27.11	25
2420	38.4975	7
2420	28.33	23
2420	39.63	8
2420	39.44	8
2420	27.62	23
2420	28.6226	6
2420	33.46	9
2420	27	23
2420	40.23	8
2420	26.75	23
2425	39.27	7
2425	39.53	7
2425	34.5	12
2425	34.72	12
2425	27.69	20
2425	27.67	20
2425	27.33	18
2425	29.31	18
2425	33.29	12
2430	31.23	15
2430	31.79	13
2430	26.8905	13
2430	34.75	15
2435	35.17	16
2435	33.92	14
2435	39.4	11
2435	23.05	14
2435	22.1	16
2440	24.72	16
2440	23.8869	15
2440	23.61	14
2440	24.02	17
2440	24.11	17
2445	38.2	12
2445	38.12	13
2445	40.12	12
2445	25.67	17
2445	27.0807	14
2445	24.89	14
2445	28.14	15
2445	25.47	15
2450	32.62	17
2450	28.32	17
2450	27.87	18
2450	41.8	13
2450	42.01	10
2450	28.09	17
2450	28.26	18
2455	30.33	18
2455	26.6289	15
2455	31.41	15
2455	29.49	17
2455	30.66	16
2455	32.11	16
2455	41.7105	11
2460	39.57	10
2460	35.6495	12
2460	34.64	14
2460	35.32	12
2460	37.44	9
2460	35.81	15
2460	37.7	7
2465	37.49	9
2470	49.16	5
2470	47.66	5
2475	48.32	7
2475	34.11	11
2475	34.2	10
2475	47.35	7
2480	19.64	9
2480	20.0019	7
2480	23.702	6
2480	36.2	16
2480	36.31	16
2485	37.48	15
2485	39.91	6
2485	39.78	6
2485	36.72	16
2485	36.3	16
2485	24.44	12
2485	38.21	15
2485	21.7	14
2485	19.61	12
2485	24.8963	6
2490	39.69	6
2490	37.69	13
2490	21.12	15
2490	18.14	14
2495	19.47	17
2495	15.23	20
2500	16.62	18
2500	42.58	7
2500	53.09	2
2500	15.02	20
2500	40.26	9
2500	15.48	19
2500	41.0464	7
2500	11.7388	16
2505	16.63	19
2505	20.6	19
2505	16.6	18
2505	16.84	17
2505	35.73	13
2505	18.64	20
2505	37.4793	11
2510	39.59	6
2510	19.78	20
2510	12.32	22
2510	17.92	21
2510	12.04	22
2510	34.9185	13
2510	18.41	22
2510	37.37	15
2510	37.15	13
2515	29.83	14
2515	32.07	13
2515	39.32	14
2515	35.98	12
2515	12.51	23
2515	12.9285	21
2515	13.18	22
2515	12.7	22
2515	11.4	14
2520	13.61	21
2520	31.68	12
2520	34.24	13
2520	29.4632	12
2520	13.72	21
2520	31.28	13
2520	13.51	22
2520	14.01	21
2520	48.45	7
2520	32.49	6
2520	15.1	21
2520	14.79	21
2520	3.33	12
2525	36.21	9
2525	36.02	10
2525	36.26	10
2525	17.19	19
2525	17.02	19
2525	15.43	19
2525	14.27	20
2525	35.9	10
2525	16.3281	19
2525	18.68	19
2525	31.68	8
2525	13.08	21
2525	15.89	20
2525	47.67	7
2525	0.23	9
2530	39.27	9
2530	14.43	21
2530	23.12	22
2530	20.47	21
2530	19.49	20
2530	22.1812	22
2530	14.05	22
2530	13.27	22
2530	14.67	20
2530	46.35	8
2535	17.72	22
2535	27.06	6
2535	14.84	22
2535	13.88	23
2535	14.12	23
2535	16.31	23
2535	2.28351	4
2540	39.99	13
2540	2.85134	4
2540	21.72	23
2540	39.6	14
2540	16.33	20
2540	3.08911	17
2540	15.73	18
2540	14.65	21
2540	14.09	22
2540	4.18999	4
2540	14.86	19
2545	14.98	17
2545	39.68	14
2545	15	17
2545	15.3	17
2545	39.88	12
2545	15.26	4
2545	17.06	17
2545	17.3	17
2545	31.03	5
2545	16.28	17
2545	11.3523	17
2545	5.77	4
2545	16.52	17
2550	0.426057	16
2550	39.61	12
2550	18.48	17
2550	18.93	16
2550	16.33	17
2550	21.58	6
2550	18	18
2550	29.25	12
2550	17.08	18
2550	16.61	17
2550	16.73	18
2550	7.35	6
2555	23.63	18
2555	39.73	16
2555	39.42	11
2555	17.78	18
2555	30.81	7
2555	9.96594	16
2555	17.74	16
2555	23.02	18
2555	18.66	18
2560	39.89	11
2560	39.25	12
2560	38.09	7
2560	39.48	7
2560	25.18	19
2560	18.92	19
2560	20.4	16
2560	14.1102	16
2560	19.28	17
2565	39.71	8
2565	39.6037	6
2565	29.76	18
2565	29.28	9
2565	28.51	9
2565	28.27	9
2565	22.32	18
2565	20.82	19
2570	31.92	18
2570	28.3382	15
2570	32.32	18
2570	29.2368	17
2570	28.96	18
2570	38.06	7
2575	34.61	13
2575	34.73	15
2575	33.48	14
2575	33	13
2575	37.91	9
2575	39.55	9
2580	37.09	11
2580	38.39	9
2580	39.31	10
2580	38.5935	9
2580	38.68	9
2580	39.38	10
2585	39.47	11
2585	39.73	11
2585	29.39	16
2585	29.7	15
2585	31.45	15
2590	28.83	20
2590	39.87	11
2590	38.4052	11
2590	28.93	20
2590	32.33	20
2590	29.5	19
2590	32.43	20
2590	28.42	20
2595	37.04	7
2595	30.01	23
2595	37.82	7
2595	29.66	24
2600	39.94	2
2600	34.44	6
2600	30.5643	6
2600	30.93	26
2600	30.63	26
2605	30.49	24
2605	30.01	24
2605	30.78	25
2605	31.61	25
2610	30.68	22
2610	31.75	20
2610	32.46	21
2610	39.26	21
2610	30.43	22
2610	39.51	20
2610	37.93	9
2610	37.99	8
2610	25.56	20
2615	39.674	16
2615	39.42	18
2615	39.35	8
2615	36.9576	9
2615	38.56	10
2615	40.45	7
2615	11.027	7
2615	37.33	11
2620	37.54	12
2620	39.82	9
2620	39.85	10
2620	38.36	12
2620	40.54	9
2620	39.438	9
2625	32.66	14
2625	45.19	8
2625	42.07	6
2625	43.57	10
2625	27.4035	12
2630	39.47	8
2630	34.82	15
2630	34.28	12
2630	32.69	17
2630	33.7943	13
2635	31.88	17
2635	39.69	9
2635	35.2077	8
2635	39.25	9
2635	39.98	8
2635	45.56	8
2635	34.21	18
2640	27.37	17
2640	28.98	15
2640	29.7399	14
2640	35.87	15
2640	45.74	16
2640	7.69	15
2640	34.6	11
2645	27.53	15
2645	37.17	9
2645	37.32	8
2645	32.6	15
2645	39.36	14
2645	38.32	14
2645	34.84	15
2645	30.01	13
2645	28.24	15
2645	36.49	10
2645	36.21	9
2645	13.81	15
2645	4.46	14
2645	42.67	11
2645	41.75	13
2650	31.34	12
2650	29.81	11
2650	29.63	11
2650	39.79	10
2650	40.05	10
2650	39.9084	10
2650	0.83	11
2650	1.4	11
2655	35.86	11
2655	51.81	10
2655	41.43	11
2655	48.57	9
2655	2.44	10
2655	0.92	10
2655	41.7407	13
2660	39.94	16
2660	39.58	13
2660	52.31	7
2660	49.1599	9
2660	52.28	11
2660	0	9
2660	0	8
2660	41.88	14
2665	39.78	18
2665	52.2	7
2665	0.310535	9
2670	39.86	7
2670	39.65	19
2670	39.6639	19
2670	37.3974	5
2670	14.54	8
2670	39.91	18
2670	6.19	8
2670	2.01767	8
2670	2.60207	8
2670	10.23	8
2675	39.393	20
2675	1.68	9
2675	3.69245	9
2675	6.46	10
2675	38.7	22
2675	36.18	21
2675	40.44	21
2675	3.50567	9
2675	4.46	9
2675	4.23	9
2675	45.22	8
2675	2.57	9
2680	39.53	11
2680	4.38	13
2680	35.86	16
2680	7.19	13
2680	37.02	17
2680	39.8244	9
2680	40.18	16
2680	40.64	17
2680	2.71	13
2680	4.93	13
2680	5.91	13
2680	3.06	13
2680	32.5372	8
2680	40.2	9
2685	5.96996	14
2685	9.73	15
2685	13.97	15
2685	13.06	15
2685	6.32	14
2685	4.12	14
2685	6.18	14
2685	7.39	15
2685	4.46	14
2685	41.67	11
2685	5.73	14
2690	11.65	18
2690	39.39	11
2690	39.57	11
2690	4.96	18
2690	4.99	18
2690	7.07	18
2690	5.32	18
2690	37.3139	9
2690	5.29	17
2690	7.91	19
2690	5.96	17
2690	7.36	18
2690	41.56	9
2695	9.99	22
2695	39.42	5
2695	39.76	12
2695	39.85	12
2695	5.98	21
2695	6.2	21
2695	6.97	21
2695	8.4	21
2695	7.09	21
2695	7.52	21
2695	5.53	22
2695	8.9	22
2700	38.1336	11
2700	39.88	14
2700	6.52	24
2700	7.12	24
2700	12.13	24
2700	11.65	23
2700	8.74832	23
2700	39.55	13
2700	11.8	23
2700	8.23	26
2700	13.67	24
2700	7.22	24
2700	8.56	24
2700	8.9	26
2700	7.03	23
2705	39.83	10
2705	7.25165	24
2705	8.01	24
2705	39.76	9
2705	17.28	25
2705	15.0375	25
2705	11.27	25
2705	7.01	25
2705	39.4308	10
2705	39.55	10
2705	7.39	24
2705	6.99	25
2705	7.08	25
2705	36.59	7
2705	8.47	24
2705	37.8	6
2710	13.81	23
2710	12.7711	23
2710	8.87	23
2710	7.8	24
2710	40.68	7
2710	7.98	24
2710	7.8	23
2710	8.11	23
2710	10.04	24
2715	16.65	26
2715	12.03	21
2715	39.1923	8
2715	8.42	23
2715	8.1	25
2715	8.16	24
2715	10.2	23
2715	8.71	21
2715	8.77178	21
2715	9.47967	21
2715	7.78	26
2720	39.92	11
2720	39.45	10
2720	17.28	24
2720	8.96	22
2720	9.44	20
2720	8.82	22
2720	11.91	24
2720	10.34	20
2720	10.61	22
2720	10.97	22
2720	8.81	22
2725	12.01	23
2725	39.74	13
2725	11.27	22
2725	39.65	13
2725	11.45	21
2725	10.44	20
2725	10.97	21
2725	9.82	21
2725	11.81	22
2725	12.08	24
2725	12.48	24
2725	10.0375	20
2730	10.94	20
2730	13.65	22
2730	33.85	14
2730	11.93	22
2730	10.31	22
2730	12.57	22
2730	40.71	14
2730	11.22	20
2730	34.11	13
2730	10.36	22
2730	11.7	22
2735	15.87	22
2735	16.14	23
2735	11.42	22
2735	39.97	13
2735	9.44465	20
2735	12.87	23
2735	11.05	22
2735	11.61	23
2735	11.91	22
2735	13.19	24
2735	11.63	23
2740	16.66	23
2740	13.99	25
2740	39.72	13
2740	39.32	3
2740	13.14	24
2740	12.67	23
2740	11.9	23
2740	13.6	25
2740	11.82	24
2740	11.9819	23
2745	39.58	9
2745	15.47	28
2745	14.31	26
2745	12.88	23
2745	14.65	24
2745	25.03	9
2745	25.18	10
2745	14.06	26
2745	13.23	23
2745	12.7031	22
2745	13.95	25
2750	14.2	25
2750	39.93	5
2750	15.11	23
2750	15.87	26
2750	18.41	26
2750	17.1	28
2750	17.3697	24
2750	14.63	27
2750	25.72	8
2750	14.82	27
2755	16.64	22
2755	15.74	25
2755	16.07	23
2755	19.73	22
2755	20.66	23
2755	18.74	21
2755	17.89	25
2755	17.7244	22
2755	39.51	6
2755	24.82	6
2755	25.85	7
2760	22.64	19
2760	12.7071	18
2760	20.75	19
2760	16.71	19
2760	39.33	7
2760	37.8061	7
2760	39.26	7
2760	23.65	21
2760	17.07	19
2760	17.04	21
2765	24.98	18
2765	19.46	14
2765	39.68	8
2765	18.71	16
2765	4.30537	14
2765	17.63	16
2770	39.97	9
2770	39.53	7
2770	19.61	13
2770	19.18	11
2770	25.98	13
2775	39.85	16
2775	25.78	16
2775	26.21	16
2775	26.23	14
2775	34.23	8
2780	36.62	7
2780	26.4	20
2780	34.73	7
2780	35.02	7
2780	26.51	20
2785	26.88	23
2785	39.8	25
2785	39.93	23
2785	35.1	8
2785	26.77	23
2790	35.1	5
2790	27.23	29
2790	26.77	29
2795	39.4233	22
2795	27.99	24
2795	27.13	23
2795	27.92	22
2795	39.26	3
2795	28.59	22
2795	34.8362	5
2795	28.61	24
2800	29.27	23
2800	28.28	23
2800	27.58	23
2800	39.3	4
2800	27.46	23
2800	29.06	23
2800	32.9627	7
2805	39.89	16
2805	29.95	19
2805	35.62	9
2805	33.7133	8
2805	36.86	11
2805	41.67	21
2810	39.46	6
2810	38.6822	7
2810	39.94	7
2810	39.31	7
2810	35.6	11
2810	31.26	14
2810	31.02	15
2815	33.14	15
2815	32.89	13
2815	39.5	8
2815	32.73	13
2815	32.81	15
2815	42.0415	9
2815	32.0537	11
2820	37.9	16
2820	39.95	7
2820	33.4492	14
2820	34.1	13
2820	43.41	7
2825	39.87	7
2825	26.11	18
2825	15.6033	14
2825	43.1046	7
2825	25.82	20
2830	26.25	19
2830	39.62	6
2830	26.14	17
2830	27.78	19
2830	43.215	9
2830	6.09813	6
2830	27.28	17
2830	39.69	7
2830	26.4659	15
2830	26.8308	15
2835	29.49	18
2835	30.86	18
2835	25.57	18
2835	39.3228	12
2835	39.28	12
2835	27.98	18
2835	42.68	11
2835	45.92	6
2835	10.49	18
2840	24.36	20
2840	28.09	15
2840	31.21	18
2840	24.08	18
2840	40.2	16
2840	2.57	18
2840	48.86	7
2845	39.13	11
2845	27.24	16
2845	24.51	16
2845	25.7311	13
2845	39.7051	11
2845	24.78	18
2845	30.32	18
2845	42.26	12
2845	3.85	16
2845	41.55	12
2850	30.5	14
2850	27.73	14
2850	18.43	14
2850	49.88	6
2850	50.27	5
2850	1.33446	12
2855	11.76	15
2855	39.94	11
2855	7.6	15
2855	48.86	6
2855	2.85	13
2855	4.52	14
2855	50.61	6
2855	43.86	11
2855	2.88996	13
2855	40.86	11
2860	3.44	12
2860	2.92	12
2860	12.51	14
2860	36.74	15
2860	4.04	12
2860	6.1	13
2860	3.58	12
2860	36.18	17
2860	36.47	17
2865	36.88	19
2865	4.69	15
2865	37.01	17
2865	37.25	18
2865	5.01	15
2865	5.37	15
2865	8.82	15
2865	4.72	15
2865	36.07	17
2865	3.65	15
2865	46.72	7
2865	47.89	8
2865	5.65	15
2865	3.95	15
2865	5.94	15
2865	43.72	8
2870	34.9316	7
2870	39.88	8
2870	4.16	16
2870	3.82	16
2870	4.46	16
2870	37.17	16
2870	5.56	16
2870	8.06	16
2870	5.09	16
2870	7.13	16
2870	5.48	16
2870	6.86	16
2870	7.51	16
2870	39.87	8
2875	35.41	12
2875	5.04	20
2875	39.5	7
2875	11.15	19
2875	39.79	10
2875	5.99	19
2875	6.41	19
2875	5.48	19
2875	4.98	19
2875	14.26	19
2875	3.70306	18
2875	8.6	20
2875	7.02	18
2875	8.32	19
2875	4.85	20
2875	9.12	20
2880	7.8	22
2880	5.75	22
2880	10.99	21
2880	8.8	21
2880	7.68	21
2880	11.13	22
2880	8.47	22
2880	5.36	22
2880	5.63	22
2885	7.17	25
2885	14.19	25
2885	12.58	25
2885	14.17	24
2885	12.94	24
2885	6.5	25
2885	16.48	25
2885	52.38	3
2885	43.77	9
2885	44.37	10
2885	10.02	25
2885	6.35	25
2885	7.15	24
2885	6.34	25
2885	42.16	9
2890	15.59	25
2890	8.31391	24
2890	39.03	13
2890	18.44	25
2890	7.37	25
2890	39.006	12
2890	6.8	25
2890	7.94	25
2890	8.53	24
2890	7.12	25
2890	6.74	25
2890	41.41	12
2890	41.54	13
2895	39.39	4
2895	12.55	23
2895	39.36	13
2895	39.92	4
2895	39.65	14
2895	39.5	15
2895	39.4201	13
2895	1.33065	22
2895	7.39	25
2895	7.77	24
2895	9.38	23
2895	10.09	24
2895	8.52	23
2895	7.68	24
2895	8.11	23
2900	39.37	11
2900	39.6941	11
2900	13.97	23
2900	8.56	23
2900	9.13	22
2900	7.92	25
2900	8.39	24
2900	10.79	24
2900	9.92	22
2900	8.82	22
2905	39.76	8
2905	39.29	7
2905	8.76	22
2905	49.23	7
2905	50.16	7
2905	7.15087	17
2905	10.59	19
2905	9.05	22
2905	9.37	20
2905	9.59	19
2905	11.4	22
2905	10.53	17
2905	10.87	21
2910	39.95	9
2910	10.1	16
2910	10.59	17
2910	10.34	17
2910	11.55	17
2910	12.04	18
2910	10.31	16
2910	10.9	16
2910	11.95	17
2910	46.98	9
2915	39.4231	10
2915	11.4	18
2915	11.07	18
2915	1.7091	17
2915	11.43	18
2915	12.21	19
2915	12.68	20
2915	11.52	19
2920	23.07	20
2920	39.66	12
2920	21.23	20
2920	12.85	20
2920	12.51	19
2920	12.83	20
2920	12.98	20
2920	12.46	19
2925	18.72	18
2925	39.73	15
2925	17.78	20
2925	17.84	20
2925	39.35	20
2925	13.9297	22
2925	23.87	22
2925	10.9696	18
2925	13.65	21
2930	21.92	18
2930	39.69	18
2930	39.64	3
2930	16.642	17
2930	25.03	18
2930	21.36	17
2930	24.58	19
2930	24	19
2930	25.85	16
2930	17.79	19
2935	39.31	3
2935	25.43	14
2935	24.97	15
2935	25.44	13
2935	20.85	20
2935	23.13	17
2935	26.3176	17
2935	25.5814	16
2940	26.39	13
2940	25.13	13
2940	24.11	13
2940	25.2	12
2940	39.6	18
2940	24.38	14
2945	33.8543	15
2945	35.17	21
2945	38.13	16
2945	39.68	18
2950	36.213	13
2950	39.53	15
2950	39.32	15
2950	39.79	13
2950	26.02	11
2950	26.29	12
2955	39.29	10
2955	39.6639	8
2955	26.46	13
2955	25.97	13
2960	39.73	17
2960	26.68	17
2960	27.06	15
2960	34.6	7
2960	25.23	17
2965	34.18	11
2965	35.52	11
2965	20.3337	10
2965	26.41	19
2965	27.12	18
2970	34.81	13
2970	38.42	13
2970	37.16	13
2970	34.4479	13
2970	26.82	20
2970	26.23	20
2970	26.49	22
2975	39.26	13
2975	26.65	23
2975	38.39	11
2975	26.83	25
2975	27.1	24
2975	27.27	23
2980	27.21	21
2980	26.7904	10
2980	39.71	3
2980	26.87	21
2980	27.84	10
2980	29.02	12
2980	27.54	24
2985	28	21
2985	26.82	17
2985	27.54	18
2985	39.73	3
2985	28.1	23
2985	28.86	24
2985	27.38	22
2985	31.8	9
2985	30.61	10
2985	35.25	10
2990	42.8037	19
2990	35.42	13
2990	4.50256	12
2990	36.61	14
2990	35.97	12
2995	39.53	18
2995	39.82	21
2995	36.93	15
3000	39.59	9
3000	30.01	15
3000	30.16	14
3000	9.79506	13
3000	30.81	13
3005	30.48	14
3005	31.46	13
3005	31.18	13
3005	31.72	14
3005	30.2686	13
3010	35.04	12
3010	34.79	15
3010	31.68	13
3010	39.83	9
3010	21.19	15
3010	48.68	6
3010	37.08	9
3010	49.23	5
3015	23.07	13
3015	0.15	11
3015	16.4945	11
3015	43.66	10
3015	50.04	10
3015	40.81	11
3020	39.4	8
3020	37.3525	8
3020	39.82	9
3020	39.65	9
3020	23.72	13
3020	42.07	6
3025	39.67	9
3025	39.37	9
3025	2.65533	9
3025	19.77	15
3025	15.51	14
3025	21.56	18
3030	16.22	20
3030	12.74	19
3030	3.91998	14
3030	54.17	11
3030	39.76	12
3030	39.23	11
3030	4.84893	13
3030	2.91108	13
3030	9.37	17
3030	6.05	15
3035	37.81	11
3035	9.92	19
3035	5.51	18
3035	5.28	18
3035	8.08	19
3035	39.9	9
3035	5.8	19
3035	5.61	18
3035	43.1952	7
3035	6.22	17
3035	5.22	18
3035	5.6	17
3035	36.55	12
3040	4.8	19
3040	8	19
3040	9.42	19
3040	5.88	19
3040	5.43	19
3040	8.04	19
3040	6.74	19
3040	7.15	19
3040	36.4333	10
3040	43.2	10
3040	38.27	10
3040	7.86	19
3040	6.86	19
3040	6.73	19
3040	7.4	19
3045	9.15	20
3045	6.98	22
3045	9.49	21
3045	9.45	21
3045	8.03	21
3045	1.39301	20
3045	7.72	21
3045	39.67	10
3045	39.72	11
3045	6.98	21
3045	12.79	20
3045	34.591	9
3045	38.54	9
3045	8.66	22
3045	8.29	22
3045	38.38	9
3045	39.44	9
3045	8.32	21
3045	8.86	21
3050	15.41	22
3050	8.32	22
3050	9.28	22
3050	36.41	9
3050	9.03	22
3050	9.17	22
3050	14.22	22
3050	11.43	22
3050	9.00768	22
3050	7.63	22
3050	11.04	22
3050	39.89	10
3050	8.73	22
3050	9.99	22
3050	45.91	10
3050	9.84	22
3055	13.5468	22
3055	14.86	22
3055	9.55	22
3055	12.71	22
3055	18.25	22
3055	12.36	22
3055	16.9326	22
3055	10.71	22
3055	0.905082	9
3055	44.4	9
3055	9.15	22
3060	18.73	23
3060	17.86	24
3060	39.92	9
3060	14.3303	22
3060	18.33	23
3060	15.67	22
3060	42.66	9
3060	4.41055	9
3060	10.35	23
3060	10.14	24
3060	39.98	7
3060	10.69	23
3065	39.51	7
3065	39.34	7
3065	18.81	27
3065	20.5299	27
3065	8.36096	23
3065	11.61	25
3065	46.02	8
3065	44.64	8
3065	12.2399	23
3070	20.53	25
3070	23.12	27
3070	18.7541	22
3070	13.62	25
3070	45.56	8
3070	13.1	23
3070	13.59	27
3070	41.4497	8
3070	29.1976	5
3075	19.45	19
3075	21.03	22
3075	18.83	18
3075	17.39	16
3075	14.3388	16
3075	20.66	22
3075	14.65	25
3075	49.13	6
3080	20.7	17
3080	20.2091	15
3080	19.25	20
3080	14.2133	15
3080	48.52	5
3080	16.7065	4
3080	41.79	4
3080	20.87	17
3085	22.52	20
3085	21.98	19
3085	30.83	19
3085	27.66	19
3090	39.51	8
3090	30.11	21
3090	26.64	20
3090	25.43	22
3090	27.727	17
3090	27.2451	18
3095	28.8744	17
3095	29.21	18
3095	31.65	18
3095	15.9437	15
3100	36.75	14
3100	24.94	20
3100	32.04	12
3100	31.7	13
3100	31.11	14
3100	24.58	21
3100	25.1	20
3100	40.14	21
3100	24.23	21
3105	25.15	23
3105	24.95	22
3105	25.47	22
3105	24.2	24
3105	25.21	25
3105	25.47	22
3105	39.85	8
3110	25.47	24
3110	25.68	23
3110	39.59	9
3110	26.74	22
3110	24.93	24
3110	26.36	22
3110	25.56	24
3115	39.61	5
3115	39.89	7
3115	34.0126	4
3115	27.69	23
3120	26.93	21
3120	26.57	21
3120	27.32	22
3120	27.74	22
3125	27.88	19
3125	27.56	20
3125	26.43	21
3125	48.47	4
3125	47.97	4
3125	27.22	22
3130	33.89	10
3130	27.86	21
3130	28.11	23
3130	27.57	20
3130	27.17	19
3135	35.26	11
3135	27.14	16
3135	27.24	16
3135	27.61	19
3135	27.218	11
3135	28.06	22
3135	32.18	11
3140	28.24	13
3140	29.55	17
3140	31.6563	12
3140	33.5	12
3140	27.92	19
3140	11.37	13
3140	33.33	14
3145	30.39	14
3145	34.16	15
3145	29.0144	14
3145	8.12	14
3145	33.77	15
3145	8.11	15
3150	31.31	16
3150	25.7689	13
3150	0.11	12
3150	0.12	13
3155	31.05	16
3155	33.83	13
3155	32.06	13
3155	0	11
3155	1.89	11
3160	33.74	15
3160	31.52	15
3160	32.46	13
3160	31.0808	14
3160	43.0947	6
3160	0	12
3160	0.01	13
3165	34.97	16
3165	39.83	11
3165	0.385031	11
3165	39.97	7
3165	40.94	9
3165	0.181998	13
3170	39.28	9
3170	39.3027	7
3170	19.17	17
3170	1.7512	12
3175	19.01	17
3175	9.67	13
3175	16.29	15
3175	3.60996	12
3175	6.66	12
3180	39.98	7
3180	5.63	16
3180	39.76	7
3180	9.81	18
3180	13.13	20
3180	7.66	17
3180	48.892	3
3180	3.36038	15
3180	4.66	16
3180	5.08	16
3180	4.40114	15
3180	4.73	16
3185	39.81	8
3185	5	18
3185	39.31	7
3185	4.14	19
3185	5.58	21
3185	4.82	20
3185	4.6	19
3185	5.62	19
3185	5.0909	17
3185	6.51	21
3185	6.14	19
3185	46.33	7
3185	6.33	20
3190	8.91	21
3190	39.53	8
3190	7.38337	20
3190	5.34	22
3190	6.66	21
3190	39.27	8
3190	9.01	19
3190	7.17	23
3190	6.68	21
3190	5.26	23
3190	8.09	25
3190	7.62	24
3190	44.68	8
3190	7.74	24
3195	39.26	8
3195	13.5	26
3195	39.65	8
3195	39.58	10
3195	39.34	10
3195	12.5	23
3195	13.55	26
3195	11.18	22
3195	11.98	24
3195	8.32	27
3195	11.57	24
3195	8.14	26
3195	6.68	22
3200	8.57	25
3200	39.29	11
3200	10.37	29
3200	15.2598	26
3200	8.34	24
3200	14.26	28
3200	55.33	1
3200	4.39208	22
3200	8.32	23
3205	12.45	25
3205	39.5	9
3205	39.58	11
3205	39.4	11
3205	11.94	25
3205	10	26
3205	9.68	28
3210	13.62	28
3210	40	9
3210	13.23	30
3210	39.62	9
3210	39.68	9
3210	11.69	31
3210	39.96	9
3210	11.59	32
3210	50.2	3
3215	39.63	7
3215	39.75	7
3215	10.9	33
3215	11.39	32
3220	39.72	5
3220	12.12	28
3220	12.25	24
3220	12.82	21
3220	11.86	30
3225	9.27955	22
3225	13.69	23
3225	14.22	24
3225	13.58	23
3225	12.55	25
3225	12.2	25
3230	39.62	7
3230	18.21	24
3230	15.34	26
3230	13.29	22
3230	12.39	26
3230	14.97	22
3230	14.29	19
3230	12.69	24
3230	13.64	20
3235	39.55	10
3235	13.23	23
3235	14.54	21
3235	13.4	22
3235	13.55	21
3235	15.84	23
3235	6.10023	21
3235	15.26	22
3240	13.98	25
3240	13.75	26
3240	39.96	16
3240	10.9759	24
3240	14.36	24
3240	15.9	26
3240	14.5999	24
3240	14.8029	24
3240	15.38	25
3245	15.84	23
3245	14.6193	23
3245	16.33	24
3245	15.79	23
3245	14.25	25
3245	13.89	26
3245	16.35	25
3245	24.45	12
3245	14.34	23
3250	24.54	15
3250	20.68	27
3250	20.48	26
3250	24.33	15
3250	15.44	22
3250	14.65	25
3250	24	15
3250	15.37	23
3250	24.85	14
3250	14.39	26
3250	15.91	23
3255	14.97	27
3255	25.09	16
3255	24.09	16
3255	14.71	25
3255	16.88	27
3255	15.94	23
3255	16.79	25
3255	10.5576	23
3255	15.42	25
3260	26.32	15
3260	15.22	24
3260	26.55	15
3260	16.52	23
3260	0.20332	22
3260	15.1	25
3260	25.42	15
3260	17.68	22
3260	17.32	25
3260	26.76	15
3260	25.75	15
3260	17.56	25
3260	16.97	24
3265	19.98	20
3265	16.65	20
3265	20.29	20
3265	21.54	20
3265	17.89	20
3265	16.22	20
3270	18.36	18
3270	21.56	18
3270	23.57	18
3270	22.01	19
3270	21.25	17
3270	17.11	19
3270	19.3098	17
3270	17.68	19
3270	27.69	11
3275	24.21	15
3275	20.25	15
3275	22.47	13
3275	25.66	17
3275	18.0815	13
3275	28.09	9
3275	28.42	11
3280	25.14	11
3280	28.94	13
3280	34.81	7
3280	28.37	13
3280	34.29	8
3285	32.64	11
3285	28.21	13
3285	28.32	13
3285	33.52	11
3290	28.95	13
3290	39.2	12
3290	28.88	13
3290	23.59	15
3295	24.32	12
3295	24.77	14
3295	28.95	15
3295	25.18	10
3295	28.88	16
3295	13.9841	10
3295	28.9854	15
3300	25.9	13
3300	25.96	14
3300	26.62	13
3300	29.67	18
3300	29.87	19
3300	6.07813	12
3300	29.89	18
3305	30.42	23
3305	29.62	17
3305	30.63	24
3305	29.59	21
3305	29.11	21
3305	22.18	17
3305	42.44	23
3310	23.68	16
3310	30.1	20
3310	39.84	21
3310	30.73	21
3310	30.45	20
3310	22.71	18
3310	31.34	21
3310	24.83	14
3310	22.13	20
3310	23.67	16
3310	40.99	21
3315	28.56	18
3315	28.92	17
3315	19.0275	16
3315	23.62	16
3315	22.68	16
3315	22.39	17
3320	24.7	21
3320	23.36	20
3320	22.58	21
3320	23.98	20
3320	23.8	19
3320	23.06	20
3325	23.48	21
3325	23.23	19
3325	24.96	21
3325	21.3226	19
3325	24.03	18
3325	24.65	19
3330	24.71	20
3330	24.3	21
3330	34.89	6
3330	24.68	22
3330	35.53	6
3330	25.21	23
3330	23.21	23
3330	48.92	6
3335	39.93	6
3335	29.28	23
3335	24.23	19
3335	23.62	22
3335	22.7432	20
3335	48.88	6
3335	23.41	23
3335	24.66	20
3340	39.62	7
3340	23.75	22
3340	39.8	7
3340	39.5836	5
3340	23.534	18
3340	39.34	5
3340	25.05	21
3340	25.33	22
3340	24.73	20
3340	23.67	20
3345	25.0268	18
3345	26.23	17
3345	27.09	18
3345	23.6	20
3345	24.91	18
3345	33.97	9
3345	25.19	19
3350	28.4919	17
3350	29.31	18
3350	26.75	17
3350	25.82	18
3350	33.61	12
3350	33.56	11
3350	54.5	12
3355	29.51	12
3355	28.3639	12
3355	39.98	8
3355	30.35	13
3355	29.66	13
3355	44.56	9
3355	34.06	16
3355	43.03	7
3355	34.48	13
3355	33.76	14
3360	39.27	10
3360	33.53	9
3360	39.76	10
3360	34.77	10
3360	41.09	9
3360	34.67	16
3360	34.3	16
3365	39.56	8
3365	39.1843	9
3365	39.36	9
3365	39.94	17
3365	34.05	17
3365	53.06	7
3370	34.22	19
3370	34.42	19
3370	39.7721	7
3370	53.006	4
3375	35.64	20
3375	35.14	20
3375	50.8	20
3375	41.4	8
3375	34.57	20
3380	31.79	23
3380	35.22	24
3380	35.85	24
3380	42.1	10
3380	40.8	8
3380	39.42	9
3385	39.41	4
3385	28.56	23
3385	24.42	24
3385	26.96	23
3385	35.95	12
3385	39.97	21
3385	33.19	21
3385	35.16	13
3385	38.91	12
3390	39.37	18
3390	39.26	5
3390	39.26	6
3390	36.14	13
3390	16.354	11
3390	37	12
3390	29.99	18
3390	36.52	14
3390	24.59	19
3395	38.08	12
3395	38.86	15
3395	34.49	15
3395	49.83	6
3395	54.36	6
3400	35.3	12
3400	34.6594	12
3400	47.69	7
3400	35.6	12
3405	35.99	13
3405	25.7143	11
3405	39.52	6
3405	37.16	11
3405	36.71	13
3405	46.82	7
3410	39.84	9
3410	39.83	9
3410	39.98	8
3410	29.93	15
3415	35.8538	11
3415	31.85	10
3415	33.4	12
3415	39.63	11
3415	39.58	11
3415	37.71	12
3415	38.11	13
3415	40.2	13
3415	43.6	13
3415	38.68	12
3415	42.62	13
3415	31.52	13
3420	32.8113	13
3420	39.32	13
3420	36.63	14
3420	28.91	15
3420	43.76	10
3420	40.28	10
3425	25.54	14
3425	33.5	14
3425	27.032	12
3425	22.94	16
3425	42.76	11
3425	46.7743	10
3425	49.1816	7
3425	9.84	14
3425	43.13	11
3430	30.57	14
3430	39.39	10
3430	22.4358	11
3430	27.29	12
3430	39.57	11
3430	22.12	14
3430	1.7	12
3430	52.15	7
3435	10.0523	13
3435	37.76	12
3435	40.67	12
3435	48.48	8
3435	23.06	13
3435	22.11	14
3435	2.4	13
3440	39.98	17
3440	39.85	16
3440	25.55	12
3440	39.29	16
3440	25.96	13
3440	36.9848	8
3440	46.6	9
3440	23.49	13
3440	0.05	12
3440	24.17	12
3445	29.81	11
3445	37.0107	10
3445	39.82	10
3445	39.27	16
3445	23.0703	11
3445	29.32	11
3445	40.43	10
3445	25.84	11
3445	26.73	11
3445	37.73	16
3445	0	11
3450	39.8044	16
3450	40.47	11
3450	40.43	11
3450	30.1665	11
3450	27.27	11
3450	40.46	11
3455	39.68	12
3455	39.86	9
3455	38.5545	8
3455	46.38	12
3455	44.69	12
3460	39.82	8
3460	10.1305	9
3460	17.36	10
3460	51.95	9
3460	14.38	9
3460	50.48	10
3460	3.77995	9
3465	19.12	13
3465	39.2717	8
3465	10.97	11
3465	39.96	12
3465	9.3	11
3465	15.67	12
3465	8.63	11
3465	5.34	11
3465	40.58	10
3470	13.9485	15
3470	39.94	8
3470	39.32	15
3470	12.56	15
3470	39.59	15
3470	39.85	15
3470	36.5761	8
3470	39.79	8
3470	15.21	16
3470	14.9	15
3470	14.3	15
3470	14.54	15
3470	39.38	15
3470	42.29	15
3470	17.34	16
3470	6.67	15
3470	15.58	16
3470	33.91	15
3470	6.91	16
3470	41.07	9
3475	19.01	19
3475	39.84	9
3475	18.45	18
3475	39.31	11
3475	8.83	19
3475	37.83	17
3475	10.1799	18
3475	8.19	19
3475	20.1	19
3475	17	18
3475	20.98	19
3475	33.8	17
3480	39.44	6
3480	39.99	8
3480	39.97	11
3480	18.26	20
3480	20.42	20
3480	36.26	11
3480	18.96	20
3480	18.57	20
3480	19.46	20
3480	17.2812	20
3480	19.29	20
3485	39.29	6
3485	20.61	20
3485	20.6	17
3485	20.48	18
3485	20.22	17
3485	20.58	20
3485	16.3119	17
3485	20.67	18
3490	39.76	7
3490	21.81	18
3490	21.82	18
3490	22.09	19
3490	47.03	6
3495	39.58	8
3495	38.75	21
3495	39.96	16
3495	39.83	9
3495	39.97	9
3495	39.79	9
3495	37.9062	17
3495	41.04	8
3500	39.8345	12
3500	39.86	12
3500	39.53	9
3500	39.73	9
3500	38.3	18
3500	38.85	9
3505	39.69	10
3505	39.4733	10
3505	39.73	15
3505	39.4	12
3505	38.9429	12
3505	38.17	12
3505	40.09	7
3505	38.3794	14
3505	0.265271	7
3505	40.01	8
3510	39.67	9
3510	39.78	10
3510	45.9	9
3515	39.31	9
3515	39.8447	12
3520	39.44	20
3520	39.3919	7
3520	39.26	7
3520	30.18	18
3520	29.92	20
3525	39.31	10
3525	37.8496	8
3525	18.6062	6
3525	39.99	6
3525	39.28	29
3525	31.35	29
3525	31.56	27
3525	42.65	26
3525	32.67	23
3530	25.6615	7
3530	39.82	6
3530	32.56	27
3530	39.86	6
3530	39.49	9
3530	23.97	28
3530	39.35	9
3530	24.63	28
3530	38.65	28
3530	25.36	27
3530	32.28	28
3535	33.5	22
3535	39.94	7
3535	33.08	22
3535	24.34	21
3535	25.32	21
3535	24.76	22
3540	39.67	6
3540	33.86	19
3540	25.1	19
3540	24.96	17
3540	41.08	7
3545	39.26	16
3545	38.07	7
3550	39.94	13
3550	39.9	15
3550	39.82	8
3550	39.43	9
3550	39.73	11
3550	38.98	10
3550	39.9	8
3550	38.3	11
3550	37.6246	11
3550	39.9	9
3555	39.1233	11
3555	39.1521	10
3555	39.82	10
3555	38.68	15
3555	38.9599	14
3555	40.95	7
3555	39.14	12
3555	39.56	14
3555	41.4	8
3560	39.26	18
3560	39.65	9
3560	34.43	18
3560	39.7341	15
3565	39.64	6
3565	35.08	20
3565	32.901	15
3565	35.41	17
3565	47.88	7
3565	36.04	22
3570	39.4331	12
3570	39.93	21
3570	27.82	22
3570	15.28	22
3570	45.58	13
3570	29.18	21
3575	31.11	19
3575	33.26	22
3575	28.12	22
3575	29.39	21
3575	39.83	6
3575	6.83	22
3575	39.49	15
3575	2.32	21
3575	9.83	22
3575	37.93	17
3575	45.43	17
3575	45.77	15
3575	30.89	23
3575	42.69	15
3580	33.6204	6
3580	31.58	21
3580	39.35	6
3580	5.17	21
3580	32.9	21
3580	19.2372	21
3580	39.5	6
3580	39.4	6
3580	28.96	21
3580	3.65	21
3580	43.66	13
3580	3.39	21
3580	4.05	21
3580	3.16	21
3580	3.34	21
3585	31.9	19
3585	3.7	20
3585	31.2	19
3585	33.82	20
3585	0.68	19
3585	3.38	20
3585	3.05	20
3585	3.95	19
3585	0.94	18
3585	1.34	19
3585	0.99	19
3585	33.03	20
3590	1.82	18
3590	17.2166	16
3590	0.02	16
3590	1.01	18
3590	0.81	18
3590	42.77	6
3590	2.23	17
3590	0	16
3590	2.96	16
3590	51.49	7
3590	2.63	16
3590	33.44	18
3595	37.0748	16
3595	39.98	10
3595	0.2	17
3595	0	16
3595	2.61	18
3595	2.35	18
3595	0.02	16
3595	0	15
3595	0	16
3595	52.45	9
3595	0	16
3595	51.1	9
3595	49.2556	9
3600	39.29	13
3600	0	16
3600	39.43	14
3600	0	16
3600	39.06	16
3600	39.3	16
3600	49.47	9
3600	0	16
3600	0.03	16
3600	0	16
3600	0	16
3600	0	16
3600	0	16
3600	38.24	13
3605	39.33	17
3605	34.74	17
3605	39.8	17
3605	0	15
3605	33.25	16
3605	0	15
3605	0	15
3605	0	15
3605	36.11	15
3605	0	15
3605	0	15
3605	36.12	16
3605	0	15
3605	0	15
3605	36.3	15
3610	37.51	20
3610	39.37	7
3610	0.0877276	13
3610	0.0985172	12
3610	39.54	19
3610	0	13
3610	1.49199	13
3610	46.04	8
3610	0.353009	12
3610	37.02	13
3610	0	12
3610	41.75	19
3610	0.778121	12
3610	14.1971	6
3615	1.49242	11
3615	39.42	15
3615	1.80574	10
3615	39.49	8
3615	0.77	11
3615	1.41998	11
3615	46.26	7
3615	1.88707	11
3615	0.82	10
3615	2.6098	10
3615	40.47	16
3615	44.06	16
3615	43.27	15
3620	39.52	13
3620	39.6	6
3620	1.66999	11
3620	4.79794	10
3620	39.5	9
3620	49.48	13
3620	2.44	11
3620	1.17	11
3620	2.04	10
3620	3.97998	10
3620	48.39	14
3620	2.62	10
3620	3.3345	10
3625	39.83	10
3625	1.15	14
3625	39.64	9
3625	9.98	14
3625	39.59	9
3625	1.26	14
3625	2.11	14
3625	0	13
3625	5.32	14
3625	0	13
3625	5.51	14
3630	39.72	12
3630	11.87	18
3630	0.84	17
3630	39.75	11
3630	0.93	18
3630	6.59	18
3630	15.9	19
3630	3.03	17
3630	0.32	17
3630	1.05	17
3630	6.76	18
3630	7.07	18
3630	40.81	12
3630	43.74	10
3635	0.56	22
3635	39.46	13
3635	39.85	13
3635	0.65	22
3635	2.95	21
3635	39.5	13
3635	1.45	21
3635	1.47	21
3635	4.34	22
3635	39.4728	12
3635	0.47	21
3635	1.16	21
3635	42.7	7
3635	2.24292	21
3635	3.2018	21
3635	8.35	22
3635	8.66	22
3640	0.72	23
3640	0.76	23
3640	39.79	12
3640	39.85	11
3640	1.07	23
3640	1.33	23
3640	0.54	23
3640	39.63	13
3640	1.8687	22
3640	1.81	23
3640	0.69	23
3640	4.44673	22
3640	4.57	23
3640	0.99	23
3640	0.45	23
3640	38.0855	11
3645	1.94	23
3645	39.47	11
3645	1.82	23
3645	39.27	4
3645	6.26	23
3645	3.14	22
3645	3.09	22
3645	1.37	23
3645	3.64876	22
3645	3.26	22
3645	1.16	23
3645	6.24	23
3645	5.93	23
3645	0.37	23
3645	1.45	23
3645	1.45	23
3650	2.45	24
3650	3.63	24
3650	6.8	25
3650	39.47	7
3650	2.86726	23
3650	4.23	24
3650	3.68	24
3650	39.84	9
3650	39.51	8
3650	5.26	24
3650	4.75999	24
3650	1.43	25
3650	7.71	25
3650	7.22	25
3650	2.09	25
3650	1.2	25
3650	41.21	9
3650	0.69	25
3655	6.27	24
3655	1.11096	24
3655	39.62	10
3655	8.41	25
3655	8.5	24
3655	5.26	25
3655	6.79	26
3655	6.17	26
3655	40.24	7
3655	3.01	26
3655	40.3698	8
3655	3.49	26
3655	2.37	26
3655	2.21	26
3655	40.31	8
3660	11.375	24
3660	12.88	25
3660	39.47	12
3660	13.27	25
3660	7.59	25
3660	10.45	24
3660	39.7	11
3660	39.25	11
3660	8.16	25
3660	7.38	25
3660	4.68	25
3660	4.99	25
3660	4.05	25
3660	3.26	25
3660	3.62	25
3665	17.6	26
3665	33.77	11
3665	8.47	26
3665	16.09	26
3665	6.12	26
3665	4.09	26
3665	5.66	26
3665	40.03	11
3665	4.76	26
3665	5.11	26
3670	4.64	29
3670	7.82	28
3670	5.09	29
3670	5.48	29
3670	8.07	28
3670	7.13207	28
3670	47.15	8
3670	6.25	29
3670	6.59	28
3675	39.36	7
3675	6.16	32
3675	9.52	30
3675	6.43	30
3675	6.98	29
3675	9.39	32
3675	8.59	28
3675	5.73	33
3675	7.5	27
3675	8.07	27
3675	5.87	33
3680	7.42	29
3680	6.83	32
3680	36.5	7
3680	7.8	27
3680	9.92	31
3680	6.94	31
3680	8.95	28
3680	9.53	29
3680	7.3	29
3685	8.26	30
3685	39.33	2
3685	8.28	30
3685	7.52	32
3685	9.07	28
3685	9.86	28
3685	8.42	28
3685	10.34	30
3685	11.18	33
3685	8.58	28
3690	9.13	31
3690	8.75	30
3690	7.94	31
3690	8.98	31
3690	10.31	31
3690	8.01127	30
3690	9.08	31
3690	24.75	2
3690	10.7	31
3690	11.24	31
3690	25.96	2
3690	9.68979	30
3690	10.11	30
3695	9.22	34
3695	9.4	32
3695	12.8	32
3695	9.34	33
3695	10.15	31
3695	11.77	34
3695	10.8	33
3695	11.26	33
3695	8.33	34
3695	11.59	34
3700	11.16	33
3700	13.86	32
3700	18.33	35
3700	1.14255	31
3700	8.86	35
3700	9.69	34
3700	13.65	33
3700	12.23	35
3700	12.05	34
3700	9.98	34
3705	16.3119	31
3705	10.46	32
3705	17.71	33
3705	16.76	32
3705	10.84	31
3705	11.04	31
3705	10.55	32
3705	9.22	33
3710	24.55	11
3710	11.29	30
3710	24.54	11
3710	24.84	11
3710	14.46	29
3710	14.81	30
3710	11.85	29
3710	25.53	11
3710	11.26	30
3710	39.61	11
3710	10.48	31
3710	13.13	30
3715	18.47	28
3715	10.87	29
3715	19.22	29
3715	16.56	25
3715	11.04	28
3715	26.35	11
3715	26.6	11
3715	16.08	24
3715	13.37	24
3715	24.42	12
3715	11.44	26
3720	20.24	22
3720	11.31	22
3720	12.06	20
3720	12.84	19
3720	19.22	21
3720	34.9	3
3720	13	19
3720	11.67	21
3725	12.65	17
3725	16.79	17
3725	17.85	18
3725	11.8	19
3725	12.76	18
3725	35.48	3
3725	14.49	18
3725	6.12758	17
3725	12.1	18
3730	16.09	14
3730	13.39	14
3730	16.13	13
3730	12.88	14
3730	26.21	7
3730	12.64	15
3730	25.4	6
3730	14.27	15
3730	2.28898	13
3735	21.88	12
3735	17.48	12
3735	19.35	12
3735	14.5	12
3735	13.3106	12
3735	25.74	10
3735	25.15	15
3735	26.27	11
3735	15.08	12
3740	20.83	10
3740	16.06	10
3740	15.79	10
3740	25.33	17
3740	32.4493	8
3740	26.35	18
3745	32.01	11
3745	26.56	21
3745	31.89	11
3745	31.2096	10
3745	26.84	21
3745	32.29	11
3745	24.41	22
3750	35.36	10
3750	26.77	23
3750	36.32	11
3750	28.02	22
3750	26.14	23
3750	33.75	11
3750	6.26367	10
3750	25.25	22
3750	24.99	22
3750	42.87	23
3755	27.39	20
3755	27.43	20
3755	26.38	21
3755	30.17	9
3760	27.74	16
3760	26.66	20
3760	18.1468	7
3760	29.41	10
3760	23.17	20
3765	29.07	19
3765	29.2	16
3765	20.0375	9
3765	28.44	10
3765	33.44	11
3770	33.63	22
3770	48.67	3
3770	31.53	13
3770	33.15	13
3770	49.96	3
3770	28.01	21
3770	31.35	12
3770	26.0803	12
3775	39.81	18
3775	33.22	15
3775	39.36	22
3775	32.6199	12
3775	33.27	12
3775	32.58	13
3775	27.57	18
3780	31.97	13
3780	35.89	13
3780	35.21	12
3780	27.81	14
3780	32.85	12
3780	29.11	17
3785	35.08	11
3785	38.78	8
3785	28.71	12
3790	24.1957	8
3790	51.3	9
3790	49.86	4
3790	28.33	8
3795	23.45	12
3795	39.54	8
3795	34.05	12
3795	23.83	11
3795	36.69	12
3795	36.8	10
3800	39.11	9
3800	25.5	13
3800	39.07	8
3800	39.7	8
3800	25.42	14
3800	41.77	9
3800	39.08	12
3800	38.82	11
3805	20.02	17
3805	20.01	16
3805	39.86	9
3805	35.18	11
3805	20.52	15
3810	21.61	16
3810	35.15	8
3810	22.91	15
3810	22.8	18
3810	20.85	19
3810	20.22	19
3810	45.71	7
3810	21.92	19
3815	19.1869	17
3815	25.59	20
3815	26.19	19
3815	21.76	20
3815	24.7	18
3815	22.35	18
3820	23.7218	21
3820	25.15	19
3820	26.861	21
3820	28.02	22
3820	22.64	22
3820	25.4005	7
3820	48.5	7
3820	44.18	7
3820	37.37	7
3825	29.3877	20
3825	39.51	12
3825	20.38	18
3825	20.59	17
3825	28.15	18
3825	39.03	9
3825	36.74	10
3825	1.598	16
3825	36.27	11
3830	39.69	8
3830	39.27	10
3830	23.76	14
3830	24.13	16
3830	41.15	8
3830	31.7193	11
3830	22.28	16
3830	37.27	12
3830	37.63	12
3830	12.9	16
3835	32.5339	12
3835	32.4	12
3835	13.46	13
3835	32.88	11
3835	13.87	12
3835	14.0819	12
3835	13.74	12
3840	39.76	12
3840	33.8156	9
3840	39.61	12
3840	36.75	10
3840	12.88	10
3840	14.5026	11
3840	14.14	14
3840	49.95	12
3840	14.21	13
3840	15.1	12
3840	15.73	14
3840	34.12	9
3840	14.82	10
3845	39.71	17
3845	39.97	10
3845	31.98	14
3845	39.35	14
3845	11.91	9
3845	15.82	14
3845	32.41	16
3845	15.42	13
3845	17.13	15
3845	15.75	13
3845	42.05	8
3845	16.28	15
3850	39.97	15
3850	19.01	17
3850	39.09	14
3850	13.44	5
3850	18.45	17
3850	16.72	17
3850	12.2122	16
3850	18.34	17
3850	44.08	14
3855	20.96	19
3855	27.12	5
3855	19.83	19
3855	21.15	18
3855	15.01	6
3855	19.56	18
3855	20.38	19
3855	44.09	14
3855	19.95	18
3860	22.82	15
3860	24.39	16
3860	24.67	17
3860	21.61	18
3860	21.41	16
3860	21.4806	15
3860	20.99	17
3860	34.96	8
3865	39.95	10
3865	39.84	10
3865	39.44	9
3865	39.87	11
3865	25.77	15
3865	26.58	17
3865	22.47	14
3865	25.19	14
3865	23.3604	14
3865	40.37	10
3870	39.37	10
3870	39.72	12
3870	27.7205	14
3870	40.49	12
3870	25.18	16
3870	25.41	17
3870	37.56	7
3875	39.51	12
3875	39.77	10
3875	39.54	12
3875	39.69	11
3875	35.15	10
3875	37.98	10
3875	36.48	9
3880	38.216	9
3880	39.83	10
3880	39.87	10
3880	37.99	12
3885	39.31	8
3885	42.61	16
3885	48.01	7
3885	27.87	16
3890	39.38	8
3890	39.41	8
3890	39.78	23
3890	39.49	8
3890	28.65	23
3890	29.12	23
3890	28.98	24
3890	28.15	23
3890	10.1199	5
3890	33.4145	8
3895	31.31	29
3895	39.84	30
3895	30.43	28
3895	31.7	30
3895	39.29	7
3895	31.76	30
3895	40.47	27
3895	32.02	27
3895	40.05	7
3900	39.86	30
3900	31.42	28
3900	32.66	27
3900	33.01	27
3905	39.57	4
3905	39.78	25
3905	39.47	21
3905	34.3	22
3905	34.04	25
3905	33.84	22
3905	34.17	25
3910	39.2	19
3910	39.32	18
3910	40.86	7
3915	39.43	10
3915	39.3726	8
3915	39.3	9
3915	39.88	16
3915	37.07	8
3915	38.74	8
3915	36.7	8
3920	38.782	8
3920	39.99	8
3920	39.91	10
3920	37.77	10
3920	39.79	10
3920	36.814	9
3920	38.32	11
3925	39.28	11
3925	31.4644	10
3925	32.75	10
3930	36.07	11
3930	36.94	13
3930	37.63	11
3930	27.06	12
3930	30.26	10
3935	27.28	13
3935	39.8	10
3935	28.93	11
3935	26.215	11
3935	36	10
3935	37.7	10
3935	39.56	10
3935	37.1136	10
3935	28.53	12
3940	32.45	16
3940	32.42	12
3940	39.47	11
3940	39.7	12
3940	29.58	12
3940	39.1421	8
3940	38.04	7
3940	45.07	12
3945	39.58	12
3945	39.12	13
3945	37.95	12
3945	43.25	12
3945	23.97	17
3950	39.42	11
3950	23.0013	9
3950	22.36	13
3950	25.69	11
3955	39.68	12
3955	23.77	11
3955	19.52	14
3960	37.93	17
3960	37.15	16
3960	20.99	13
3960	16.46	17
3960	50.63	6
3965	39.69	13
3965	37.98	15
3965	17.74	14
3965	39.95	15
3965	51	5
3965	37.44	13
3965	49.36	5
3965	10.7146	13
3965	35.12	14
3970	20.74	17
3970	13.37	19
3970	19.11	19
3970	13.56	18
3975	46.9785	4
3975	14.72	17
3975	14.04	20
3975	47.73	3
3975	13.59	22
3975	15.03	16
3980	14.19	22
3980	16.15	22
3980	15.4	18
3980	56.9	8
3980	13.9	23
3980	15.14	20
3980	16.59	23
3980	14.5	21
3985	14.49	23
3985	39.7	8
3985	14.59	22
3985	16.71	20
3985	35.32	6
3985	13.8	24
3985	55.51	7
3985	16.69	24
3985	15.17	21
3985	16.54	23
3985	16.05	21
3990	39.4	8
3990	14.52	25
3990	17.83	23
3990	18.84	24
3990	14.72	27
3990	14.71	26
3990	39.5	9
3990	21.17	27
3990	33.74	7
3990	15.13	24
3990	38.87	9
3990	16.61	25
3995	18.45	26
3995	15.63	27
3995	39.6	8
3995	16.43	25
3995	17.46	24
3995	37.6566	8
3995	39.7642	7
3995	14.77	29
3995	16.81	27
3995	14.5	29
3995	53.52	5
3995	54.03	5
